# maturity time: 1.500000
# model size: 2
# number of dates: 360
# spot: 100.000000 100.000000
# dividend rate: 0.000000 0.000000
# correlation: -0.200000
# volatility: 0.200000 0.200000
100.000000 100.000000
100.299980 100.475768
102.069702 99.664135
103.156213 97.493641
103.325449 95.533823
102.948775 95.564525
103.644956 96.184827
101.804644 96.651834
104.089334 94.515531
103.220167 93.655532
101.404357 93.794773
99.354861 94.142800
100.872922 93.771940
100.290289 97.712444
100.353632 98.755316
99.243546 98.376927
97.865311 98.273201
97.238505 98.581672
98.553690 99.121141
97.799442 97.843057
98.692883 98.492858
100.949467 98.380361
99.297114 98.030549
96.856719 98.273487
94.651981 100.567937
94.238495 101.964838
95.152641 101.552643
95.560676 100.731132
97.224782 99.594756
97.994007 98.201632
97.389625 97.343720
98.119094 98.330285
98.943743 97.993521
100.219730 96.328200
99.475044 96.241224
97.393066 97.631119
97.001882 96.688578
99.701580 95.586036
99.713136 95.187804
101.641695 92.051258
100.130628 92.365607
101.434184 91.443830
100.915124 91.634827
103.516623 89.762717
101.261925 89.304619
101.617190 88.877295
102.079393 89.993143
104.107879 89.662425
105.186673 87.773933
103.848314 88.648679
105.769520 89.286512
105.247604 91.612602
104.015162 93.428278
103.496484 93.654845
105.175505 93.931697
103.636734 95.447551
103.299371 95.412679
105.236025 94.455538
106.636932 95.555360
105.997169 94.715560
105.032938 93.395396
105.287963 92.959831
104.002512 92.026409
106.717789 91.503556
107.949993 91.414770
110.569784 92.176061
108.948024 91.431971
107.909304 91.474059
107.615677 91.271369
108.482815 90.075037
108.958227 89.953963
107.087900 90.603563
109.039107 89.817081
107.510551 90.551426
105.409079 89.490574
104.381574 88.952155
102.772858 90.310221
105.091869 89.109040
106.416436 87.312883
104.751612 87.630702
106.036977 88.399309
104.429147 88.889772
106.256179 87.367954
108.638940 86.906971
110.455191 86.855266
109.021609 84.913990
110.595979 83.857896
109.058731 83.284313
109.623761 84.858754
109.582561 85.081652
109.919334 87.132886
109.581331 87.495106
109.875269 87.496399
109.479551 87.495736
107.641578 87.452039
110.463141 89.750828
107.494039 92.574673
107.319451 93.808767
105.322542 95.604169
104.253334 97.456929
103.053207 96.158303
104.742619 96.815679
103.567397 95.677023
103.584960 94.684234
103.148027 94.100472
105.582983 92.535330
107.331295 91.720146
110.428938 89.412057
112.110865 89.314162
113.579930 89.510532
113.471685 87.531428
114.523287 86.113925
113.500012 87.660284
114.323553 88.277163
114.859367 89.072057
115.442847 89.670680
115.213651 88.324624
114.857050 87.457297
114.037400 87.566388
114.858852 89.047255
115.269475 89.114883
114.882460 89.863925
113.063068 89.920770
113.075817 89.337789
111.353204 89.629984
110.584541 89.435242
110.816491 90.006788
112.119321 90.700008
110.259257 90.583210
110.231880 90.400307
111.075955 90.575420
111.265392 92.047238
114.283103 91.436586
111.994037 92.253726
109.330520 92.497844
110.498957 90.454625
110.126329 89.599890
107.512324 91.270399
105.141802 91.596655
105.398992 94.684667
104.212512 95.789496
104.382451 95.285182
101.797517 97.127933
100.809211 96.117755
100.934484 96.444631
101.677648 95.414640
101.203021 97.362531
100.635425 97.381349
100.454530 95.976042
102.411073 96.236635
102.958029 98.628126
105.841761 99.038498
105.590865 98.081856
105.367700 97.866900
106.771987 94.999322
108.684464 92.788239
109.267585 93.541930
109.540396 93.571307
112.573203 92.866433
112.368667 93.449965
110.809820 93.023138
113.285573 91.298014
113.854046 91.049184
115.683439 91.131575
113.001544 89.571968
112.356745 90.482471
110.176088 90.391079
111.980965 89.278608
112.095582 89.684371
113.033170 91.035332
115.301980 89.972667
116.455658 90.234130
114.384464 91.778734
114.311711 89.854494
115.836654 87.936424
113.952033 86.518976
114.334702 87.012542
113.701714 87.099878
116.412880 87.213986
115.770493 87.337401
115.558251 89.413070
116.359798 88.585784
115.368885 86.580056
117.916563 84.902987
119.276049 84.711295
117.830129 83.918454
118.716119 84.647532
120.239032 85.700107
119.240065 85.530988
120.499750 85.139125
120.414674 84.123837
120.865716 83.997938
118.372064 82.917664
120.085082 82.806030
121.863401 83.130162
123.986070 82.313902
123.363673 82.647246
122.503147 82.296799
123.456221 79.410577
125.151675 79.731692
125.589195 80.383743
124.221358 79.314383
121.931668 80.069056
122.503749 80.101256
122.608192 81.333464
125.166435 80.404185
125.128801 81.483032
125.260086 82.347999
127.640295 81.196393
128.225395 82.524460
126.039845 83.081466
122.888234 82.374976
120.985453 83.792853
118.105883 84.164982
114.681442 85.839598
115.018082 86.183651
114.651449 85.426283
115.292907 85.785029
113.687126 84.469507
112.159146 85.329017
109.588354 85.758856
108.166421 87.685982
110.757715 88.291187
109.546037 87.506937
111.543899 86.322234
107.753477 86.176030
108.164250 86.025335
108.757133 86.470570
110.972179 86.183230
111.273638 84.635680
112.327584 85.180865
111.845719 85.648427
111.035079 85.049764
112.390857 85.281883
113.128241 84.751080
112.926570 85.424136
113.037205 84.068305
111.903744 85.884770
112.245511 86.716193
113.061028 84.774140
112.671286 84.817221
112.061615 83.906866
112.847322 84.957766
112.912586 85.075535
112.127323 83.437509
110.892103 85.687430
112.260724 86.321542
111.849689 87.675585
111.673934 86.716494
112.684586 86.474224
113.841997 84.528497
110.244311 85.183891
110.164649 85.073250
111.642179 86.085923
110.652302 85.737835
110.904101 85.782892
110.031065 87.090253
110.786170 86.724018
109.652795 86.947074
108.989908 86.417291
108.716114 85.487546
108.835517 85.925773
108.298735 88.173904
109.883444 88.228592
108.751540 88.081417
106.860781 88.349247
105.725902 89.723889
108.528422 87.953571
109.605352 86.966876
110.040173 87.447843
109.553274 87.932632
107.766651 89.054230
108.784541 88.849718
108.351747 87.561021
107.377904 87.516345
107.726025 88.597225
106.888678 87.794504
108.287991 88.103056
106.783553 89.512577
107.454512 89.372445
109.480510 90.949467
110.941662 91.420342
111.434109 89.798386
111.545888 88.961350
112.537895 88.568581
111.845847 88.210868
107.456320 88.917443
106.963606 90.740151
105.599278 92.332841
105.742083 92.097009
105.658143 94.173447
104.608960 91.147591
105.560444 89.671551
103.852486 89.344057
103.901622 90.242677
103.133454 91.636436
105.172109 90.589620
104.374950 91.432804
104.095387 91.013085
103.590968 91.684233
105.645206 90.993262
104.263015 90.835255
106.087694 89.554290
107.753399 89.376895
109.563649 90.048892
110.301986 89.699593
110.188920 88.062871
112.230223 86.401214
112.524360 86.106248
110.650331 85.656484
109.226631 86.990727
109.274954 87.741723
109.344874 88.047100
107.672149 89.332445
107.696209 88.083108
108.575557 86.602109
108.137190 86.989010
106.832629 85.552492
106.618788 83.813964
109.720772 82.931157
108.941240 83.498928
110.017156 83.445100
111.630756 82.671503
111.920594 82.829222
109.746031 83.431728
112.282185 82.227970
110.118226 82.755528
110.967756 81.849710
114.342571 81.412924
112.100421 81.666174
109.073609 81.935479
107.207183 83.160715
106.425051 81.844943
106.251109 82.946480
106.934259 83.734196
108.412730 84.889561
108.561865 87.512938
109.845569 87.570878
111.130929 84.752737
111.109560 83.349459
112.694854 80.493967
113.115846 79.779928
115.129924 79.114791
115.132398 79.345551
117.101503 80.075584
118.768292 80.097872
119.708705 78.475664
119.402826 79.038498
118.628643 77.486116
117.946555 78.106925
119.236353 76.762927
120.767874 75.867385
119.048847 75.804065
121.983725 74.417124
123.076537 75.329370
122.787118 76.172383
122.071388 75.648676
120.969644 77.487185
118.769572 79.368247
119.350338 78.488858
119.997623 78.942982
