# maturity time: 1.000000
# model size: 5
# number of dates: 365
# spot: 100.000000 100.000000 100.000000 100.000000 100.000000
# dividend rate: 0.000000 0.000000 0.000000 0.000000 0.000000
# correlation: 0.000000
# volatility: 0.200000 0.200000 0.200000 0.200000 0.200000
100.000000 100.000000 100.000000 100.000000 100.000000
100.241899 100.440564 101.427082 99.616199 100.861016
98.601660 100.572877 99.761014 99.320353 100.824052
99.140733 101.222875 98.320969 99.421235 102.653656
97.679151 100.535662 97.441923 97.999384 102.475589
96.073987 100.501241 98.646200 97.922513 101.994068
99.305282 100.551424 99.524355 97.042004 101.480677
98.184266 100.228591 99.005891 97.187891 102.590940
98.845528 99.604864 97.820980 97.905968 103.306993
100.672974 99.880971 96.519380 97.348749 101.242076
100.461950 98.032104 98.003684 97.002525 102.327479
101.250154 97.857518 98.343072 96.418218 103.768742
100.588138 98.483604 97.327380 95.934507 102.909594
101.197355 99.428891 97.988902 95.792445 103.983109
99.981004 98.828117 97.792136 94.162252 104.853702
99.653972 97.969815 99.992092 93.694898 104.862217
99.309371 99.502253 97.563550 92.562616 104.895172
100.355168 98.888460 97.157275 92.641296 107.081228
99.069075 97.137032 96.392036 92.903575 106.715862
99.433043 98.216255 97.941113 92.920481 107.610303
97.860739 97.200449 98.536389 94.310799 108.576605
97.467741 99.207468 97.598459 95.665717 108.135983
97.579809 100.509264 98.095383 94.527985 109.308173
97.320912 100.421851 99.582775 94.028534 110.485216
98.470363 99.931758 98.756730 93.333147 109.041078
98.662933 99.583079 97.776653 92.366281 111.342460
98.615832 100.513156 97.881216 94.178622 112.552002
97.440064 99.594504 97.122566 94.062595 112.302161
97.214767 100.243468 96.192815 94.395511 112.255302
95.858171 100.550800 97.610368 93.994750 110.976140
96.278399 98.952828 96.344980 93.249905 110.241296
95.072204 99.941430 98.102837 92.560911 111.365237
93.674828 98.670443 98.139053 93.479638 112.396546
92.520217 98.870167 99.527770 92.415523 114.434589
92.452193 100.207121 99.749351 91.440541 112.067980
93.532134 99.407425 98.622326 90.709665 112.537129
95.071743 99.375858 98.827756 90.934490 114.833032
94.833403 99.664026 99.041396 90.973388 114.496094
94.773540 98.303839 98.720645 92.901131 117.480136
92.701411 100.400090 98.589350 93.897011 115.702945
93.872425 99.571537 99.996133 93.018371 114.203228
95.117163 100.401631 99.084113 91.937607 114.217472
94.299609 100.056801 98.506565 93.692396 113.075667
95.562594 99.594345 100.804367 92.167325 114.468742
95.712499 100.650002 101.202775 92.094916 112.349222
96.429909 99.448107 100.467623 93.320121 113.008351
97.104596 99.824614 101.291282 93.703149 113.728714
96.946999 98.547672 101.035696 92.890712 113.068712
96.929384 99.121640 102.566654 93.158714 113.203459
96.664171 99.752329 101.246217 92.958922 113.212363
96.144325 98.517030 101.259731 92.437064 112.876097
96.306587 99.069374 102.222694 93.203416 111.353798
95.935231 99.048162 102.044793 93.780514 111.670072
96.066655 100.403845 104.281997 93.676732 109.851478
96.450363 98.461902 104.091858 94.486518 108.026291
96.185307 97.633933 102.082505 95.558709 106.089463
96.111729 97.826298 104.962063 94.684291 106.909421
96.237569 97.423403 102.848041 95.796111 106.065645
95.251851 97.520315 103.155741 96.366425 105.252100
94.889934 99.085561 102.685044 96.289462 105.097316
93.724695 100.646325 103.241966 96.705023 107.345774
95.846562 101.452768 103.042154 95.890950 107.160399
95.636512 102.546489 100.754790 97.280122 105.398387
96.051151 103.323952 100.957435 97.342854 107.757149
95.881722 103.170379 101.448782 96.245161 107.098731
97.613933 101.953732 101.860087 96.104925 108.490649
97.942373 100.031606 100.023351 95.658785 109.295914
96.396881 99.621480 101.348693 94.935748 109.385219
96.773005 100.295338 102.749233 96.476793 108.681295
97.556184 100.699490 101.263600 97.548632 108.623850
95.847563 101.786127 99.686957 96.258469 106.879181
96.107253 102.320353 99.237932 96.247244 108.939702
96.584743 101.860968 99.260406 96.102911 111.041245
97.126391 101.193247 98.573155 94.162525 113.024064
95.910209 102.136958 98.573035 93.234657 111.918585
96.493347 102.995545 99.595900 94.389423 111.162578
96.200098 103.875642 99.388067 94.334176 110.048412
96.490956 103.808286 97.720800 93.004906 111.336617
96.610217 105.051764 98.273352 94.315185 110.744091
96.215543 105.313016 97.715867 93.872629 111.440804
93.531630 106.482914 98.261621 94.137447 112.256217
92.703553 105.115553 96.789138 94.583775 112.681669
92.803687 105.186873 98.030839 96.179703 111.994146
92.779874 106.345325 98.112979 97.038027 113.715282
91.988363 106.739083 99.511748 95.693445 114.022010
90.117594 105.541079 98.259221 96.801532 111.814974
90.086251 103.051467 99.386472 97.030645 112.237053
89.852179 102.244511 99.835853 97.454989 110.966365
88.502128 101.127486 100.447814 95.638484 110.998831
87.568693 102.779291 102.393426 96.559400 110.011731
86.763909 104.295320 101.545308 93.888836 109.227591
87.030907 104.207055 101.995111 94.373532 111.026643
87.079189 104.435207 100.519324 95.096499 111.789383
86.775048 104.831851 99.926872 94.429645 112.893517
87.143450 105.387877 99.516742 94.291915 113.598269
87.211559 104.015593 98.705539 95.812295 113.878063
87.951622 104.626640 96.985937 95.543166 113.857674
87.564396 103.600415 97.535732 96.641448 113.909611
87.670779 103.014470 95.865457 95.776033 116.229286
88.546026 103.852728 95.579513 96.956115 116.079682
87.718348 104.612868 95.498099 97.761612 114.103504
85.462587 104.722647 95.440919 97.642099 115.341409
86.491766 103.967759 94.978647 97.820983 115.431766
85.938154 105.136824 95.505624 97.588100 114.471799
85.972182 104.619804 94.925781 97.388018 113.401193
86.047640 105.079608 94.544757 99.407902 114.743435
86.296648 104.199700 94.249906 98.002869 114.695442
85.551642 105.350380 96.269501 96.815458 115.615991
84.892839 105.687805 96.770615 96.466709 116.057721
83.767393 106.508997 97.509882 96.430572 115.681691
82.703700 105.730739 97.320435 96.682765 116.922228
82.180988 104.798925 98.351016 97.170146 115.601815
83.072691 105.331222 98.322712 98.651872 117.647354
83.969523 106.011769 98.675201 97.269681 117.741535
83.332728 106.774258 98.455946 96.783126 117.224809
80.669705 106.768685 98.088463 98.344581 116.009414
81.663784 106.884385 97.900234 98.280017 118.151071
81.004566 103.859582 98.620419 97.103707 116.597047
80.539638 103.898100 99.445635 96.519923 117.937168
81.827159 103.245946 98.832725 97.137706 117.679450
81.477708 102.838758 99.352816 98.695521 117.322416
80.611199 102.464472 100.759135 97.820019 118.812428
80.684566 103.856796 101.662833 98.352957 118.559295
80.616464 102.265740 103.186040 97.106435 118.809677
80.421211 100.881180 102.451706 96.090820 120.078217
80.449033 101.606016 102.503550 96.375026 118.585003
81.210017 101.623128 101.316620 97.011388 117.086699
80.943007 101.927594 100.323075 95.488939 116.895125
79.550697 104.324398 99.918154 94.937235 117.415126
80.186153 104.435565 101.103559 94.432922 117.660766
80.344967 102.785813 101.379205 96.197438 116.691241
79.086037 102.996089 102.011642 95.443851 119.559269
79.125798 101.354024 101.936641 93.347558 119.340201
78.025098 102.311173 101.331889 92.009391 119.180490
78.869623 102.842950 102.233196 93.038403 120.810736
78.956579 105.487372 103.211040 93.268076 121.954239
76.993757 105.469576 101.788627 94.344495 118.760946
77.225918 104.756387 103.254492 93.964535 118.761497
77.410400 106.205514 104.329636 95.046398 119.063740
77.906057 104.555714 104.112086 95.567061 118.435851
76.552931 104.066637 104.699035 96.412387 116.953806
77.348304 103.275902 103.487615 96.114744 119.284851
76.480767 104.024182 104.687926 95.930203 120.338308
76.118095 103.329002 103.919776 97.706220 118.559025
77.406504 103.737198 103.046229 98.134434 119.229812
77.391218 104.632425 103.099993 97.011399 119.107736
77.473610 105.054903 104.648002 97.711458 119.324626
78.210726 103.470075 104.503022 98.633540 117.834422
77.349107 103.306405 105.073599 98.266700 119.678091
77.805712 103.705327 105.909291 99.546263 119.825388
76.434038 103.754013 106.812750 100.650759 120.146666
76.299392 104.532495 106.142247 99.854976 121.366797
76.777382 106.646428 108.946144 99.922450 119.403617
76.932363 105.999266 107.730812 99.897022 118.659402
76.819908 109.379534 107.774900 101.212577 118.832677
77.125793 109.147145 106.749792 101.055026 117.982636
77.332884 108.034286 105.850082 101.852055 118.686953
77.100758 109.255584 105.679645 101.019587 120.907002
76.786775 107.461088 106.227246 100.181797 121.245964
75.950794 107.969429 105.444243 100.027422 122.324276
75.614209 107.907725 104.828222 100.558751 120.444811
75.600471 109.222786 104.167304 99.846908 120.165951
76.435471 110.392271 104.633629 100.234477 121.723190
77.852706 108.913677 102.244781 99.198718 122.303743
78.601412 108.950926 100.612392 99.852144 121.079779
79.306100 109.303676 99.865194 101.126442 120.364949
79.860867 110.427123 100.094266 101.095370 119.239910
78.615193 109.600540 99.278472 100.818939 119.833430
78.871971 110.329273 100.439295 100.236676 120.445419
79.648481 110.616078 101.504453 100.209431 121.220124
80.357375 109.893054 101.344872 99.312010 122.242812
80.416240 110.948411 101.275860 99.502388 122.121412
80.684463 110.360788 100.350507 100.908590 121.377881
81.051058 110.552795 99.874323 101.020674 119.778872
81.030010 112.078734 100.446677 100.527943 119.634115
81.484065 111.458030 100.681472 100.146817 120.308183
81.241265 110.659805 99.893161 101.051762 120.455139
80.800159 108.919349 99.001919 100.947889 120.605944
81.465702 108.377243 99.739471 101.454270 118.454936
80.989786 108.365914 99.752144 98.966533 117.218102
80.873081 107.650566 100.814758 100.326561 116.101429
80.649747 108.141916 101.267417 101.541654 114.809242
79.043162 107.521259 99.902404 101.303270 113.170591
78.735709 107.500785 99.338267 102.576033 111.696983
77.903745 107.851204 97.932933 102.247760 114.386815
77.308499 105.516375 98.214437 102.398221 112.912037
76.952231 104.253485 96.173635 100.254535 112.834880
78.321445 103.765335 95.808477 100.511928 112.731348
78.657476 105.341341 97.467669 100.024499 111.297749
79.460672 105.346165 96.155042 100.617273 112.779147
80.925599 106.912620 95.985158 99.966166 114.441794
81.689182 106.690583 93.635065 99.926677 116.896192
80.365932 109.278578 92.781670 99.740290 117.558848
80.347745 108.875020 93.271593 100.276327 117.526805
81.212705 110.025614 95.229353 100.615986 115.353640
82.524076 111.848133 94.193024 101.460346 113.259837
82.081951 111.450361 94.620993 101.506547 113.183516
80.989454 113.627722 95.243512 100.447873 111.748923
80.531775 115.157633 94.613435 99.905542 113.250052
80.510077 115.656203 94.679435 100.572778 113.112980
80.930744 116.668432 96.034518 100.569998 112.383440
80.446597 116.750010 97.205262 99.780040 110.357279
80.212620 116.322529 96.937977 99.388156 112.839260
79.489795 115.731861 95.648641 100.911791 112.530680
79.551151 115.031841 96.293568 101.317558 112.655824
79.745059 114.705324 96.212178 102.309583 110.987314
79.829585 113.293404 95.193680 103.182537 109.051502
78.556719 113.032773 95.193260 102.321639 110.515185
78.256887 111.995146 94.092841 102.045293 111.755526
77.116058 112.287442 92.856702 101.105979 110.997749
76.894891 109.184512 92.525915 99.913203 112.029277
75.567540 109.877950 92.695664 98.784939 112.156299
74.067051 109.364066 93.935070 97.321604 112.088744
75.142875 110.117907 93.943997 97.169519 112.581719
75.760404 107.663212 93.101997 98.099998 112.734803
75.706326 107.686754 93.934366 97.493006 113.521568
76.716933 108.313409 92.737133 96.831185 113.227836
76.434437 108.596142 92.368660 97.611862 113.956835
75.358784 108.108412 92.528440 95.717056 115.216621
74.121399 108.390507 91.022843 94.320075 117.465972
73.798771 107.355697 91.192364 95.289096 118.180573
73.233131 107.396692 92.101807 96.347749 117.565162
74.051663 109.165629 90.930503 95.935682 119.178312
75.267041 109.682552 93.052248 95.008839 119.335593
75.006218 108.497649 93.713261 95.487218 117.544719
76.081904 106.734899 94.725676 96.318993 118.232754
75.870933 108.540153 94.070380 97.392118 118.576735
76.130890 106.831175 93.054223 98.108189 120.281512
76.417783 106.337168 93.205360 97.945236 120.311669
76.275264 106.844420 94.817775 97.367463 120.141455
74.790604 105.081978 94.970615 97.629438 120.168679
74.875668 104.222442 95.082452 98.050422 121.345609
75.441430 105.976885 94.090314 100.060331 121.014577
75.664837 104.387657 92.485725 99.684562 120.663510
75.710355 103.327913 89.345043 100.794056 122.009640
75.661583 102.472726 89.991744 99.965662 123.959196
74.634242 101.859628 90.267098 100.972003 124.764451
74.567764 101.691192 89.287928 103.456712 124.638571
75.448515 100.253350 88.153444 103.453712 123.806142
75.856871 99.949550 88.334348 104.424639 122.272258
75.395038 99.676711 89.485848 103.990600 122.058057
75.648363 98.138162 88.254306 103.907353 121.473416
75.714941 98.422984 88.301564 104.167702 121.563173
74.587981 99.198163 89.720998 105.273386 121.303007
73.574204 100.531270 88.510319 103.953048 119.911930
73.196262 103.601684 87.197812 104.249652 119.348679
73.107322 103.326986 87.385500 104.369050 121.383253
72.704520 101.647551 86.091484 104.331828 118.854075
72.077919 100.702767 85.958254 104.133802 118.507011
71.744784 98.872710 86.618832 104.561373 118.268392
71.523268 101.758981 86.813014 103.627076 117.589459
71.869968 100.782879 88.102837 103.023310 117.299788
72.115678 100.374456 88.046790 105.512852 116.268290
72.981839 102.014540 88.678189 105.113417 117.023961
73.587286 101.033075 89.579212 104.832795 115.738941
73.819212 102.861897 87.944873 105.923216 116.855825
75.568647 102.862771 87.443460 107.883140 116.286885
76.918046 102.191475 87.123586 109.416426 114.500845
75.953137 103.391357 88.533465 108.212798 114.307206
74.930199 103.349375 88.257826 107.754246 113.353201
76.044741 103.373449 90.048776 108.407207 113.234404
74.980111 102.658627 89.411054 108.277984 110.758332
75.850150 103.183016 89.813437 109.124031 110.399050
75.276725 102.938258 90.566207 108.798664 108.372143
75.831118 103.711817 91.564968 110.395912 107.490118
75.279798 103.556334 89.731777 111.842767 109.283750
74.796655 104.523723 88.301754 111.575842 110.382228
74.381314 103.843083 88.644560 113.029576 110.750286
76.823075 106.022229 87.491134 112.767330 110.323355
76.007412 105.880628 86.279999 110.005105 110.007126
76.284414 108.340865 86.496219 109.964136 110.340644
75.561204 107.747875 87.216016 108.647994 110.504168
75.221793 109.025568 86.685086 106.570384 109.842682
75.313035 108.365514 87.824161 107.304797 111.734666
74.616847 108.269782 88.356119 108.083590 112.421689
75.304346 110.669507 89.233633 107.205586 112.857214
75.822134 111.972529 89.530168 107.052649 112.578443
73.789389 109.985428 89.034920 107.623567 111.304403
74.103222 109.411643 90.923862 107.211602 113.020115
74.931307 109.851494 90.619035 107.520448 112.690639
74.234938 110.565329 90.276532 108.230693 112.849221
75.047666 108.722708 89.756557 109.059137 112.643738
74.645047 109.373616 90.267002 106.893836 112.052656
73.710301 110.915378 89.590045 106.447275 111.265315
73.345628 111.011500 89.686484 104.884982 110.251038
74.645826 110.930056 89.774768 104.123278 110.596799
75.769153 111.723223 88.419773 102.931651 110.307913
76.263742 110.054609 88.612585 102.900137 109.859882
76.356036 109.531379 88.705488 104.911848 110.046393
77.910092 110.190563 88.106166 105.206000 110.741480
79.026792 109.332700 86.943801 106.659655 110.610511
80.357232 112.001921 87.652199 106.454814 111.923307
80.958485 110.943012 86.547529 105.496267 112.314882
79.721136 109.978740 83.809570 105.161272 111.742085
80.337413 106.782772 84.496010 104.201826 113.233773
79.804377 106.757591 84.821874 104.270031 112.777243
78.297828 107.578708 83.651425 105.226029 113.790265
77.843723 107.027444 82.966349 105.319855 113.456982
79.219782 104.556121 81.712558 103.714390 112.816708
79.917376 103.601866 83.073038 104.983362 112.021696
78.981634 103.055327 83.862576 105.010665 113.257712
79.014501 102.637707 85.088548 105.214878 114.383113
79.360589 102.530475 85.703130 102.623169 115.530293
79.544986 102.483384 85.906798 103.493665 115.777390
79.090800 103.202645 84.953988 102.317321 117.318577
79.102071 101.712911 85.985682 101.627666 118.550673
78.419423 100.406317 86.199724 100.461036 117.605891
79.372732 100.989664 85.637663 100.159009 117.359439
81.256636 103.659915 84.685743 99.360715 119.229048
81.441420 103.093297 84.223756 99.346338 120.292761
81.982734 102.680154 85.373265 100.435498 120.150360
81.594141 102.866632 84.154876 99.214219 121.045161
82.040411 105.551775 82.904141 99.752792 121.455939
82.712656 107.629211 82.768749 98.535250 118.743988
83.384083 106.915930 82.447180 98.092528 117.749579
84.232734 107.082923 83.309024 97.891819 118.808530
84.841125 105.156738 82.634073 97.449496 119.222809
86.978575 105.539368 82.726602 97.567579 120.134147
86.074519 105.163131 82.518538 96.388655 121.570390
87.095734 104.083043 82.306971 96.255802 121.412227
88.171812 104.002812 83.446569 94.679393 123.129994
88.162401 105.803987 83.302573 93.672055 125.030212
88.115700 106.271180 82.220505 92.838753 124.875973
86.077524 107.655832 83.129955 93.141919 125.669074
86.643768 106.665099 83.280591 94.440152 125.793499
87.364337 105.520996 82.751073 92.665275 124.661942
86.784198 104.550032 82.461191 92.844847 123.917337
86.930036 105.289633 82.343048 92.521484 124.438781
85.441993 104.560559 81.310260 92.226057 121.723694
85.066619 103.201232 81.773060 90.954264 122.425596
86.132670 105.702636 81.192846 91.336816 124.276826
86.595890 104.644479 80.112578 92.185774 124.504557
85.930928 105.714738 80.817443 91.915000 125.871298
84.990314 105.499225 80.965132 91.119327 126.210134
84.983656 106.515016 81.084641 93.341887 126.142565
85.027027 107.208410 80.648772 94.549151 129.235845
85.294913 107.112757 82.485125 94.334164 130.438740
84.825012 106.759687 83.701761 94.723108 131.471208
84.538659 107.345887 84.649418 94.267468 132.335780
85.645002 108.146791 85.300265 95.746125 130.710948
84.998809 108.913122 85.428568 95.065610 130.711222
84.816754 108.694887 84.302453 95.217190 129.586861
84.345018 111.066663 84.091452 95.031533 130.663495
84.046912 112.844892 84.235619 94.597219 129.636346
85.038735 111.892538 84.541807 93.959261 129.849159
85.381626 112.653293 84.448336 93.046084 130.387768
86.365602 113.652077 83.930279 91.940387 131.509201
87.290847 114.485482 83.531741 93.428649 130.501349
87.571125 114.304404 85.057234 91.952878 130.829828
87.813711 116.055035 84.464846 92.548912 130.592895
86.958236 114.919056 83.551602 92.959621 131.281804
87.218119 114.742545 82.883319 92.403137 130.049776
89.055123 115.157536 82.690301 92.058498 131.069604
89.250540 116.946337 83.923435 92.216240 132.866555
89.322560 116.826585 83.843714 92.758424 133.061120
91.108038 117.393288 84.774024 90.519834 132.101930
91.229107 120.409772 85.112642 91.938989 131.815654
91.844670 119.637123 85.339602 92.170529 130.871307
93.703106 119.413310 85.454015 91.867961 129.774794
91.936206 118.484424 85.476884 90.798522 132.290752
91.572642 116.674712 87.749122 89.811524 131.591528
90.221167 116.131449 89.741165 88.263313 132.751733
89.923363 117.091740 91.588398 87.150027 135.773537
91.656799 117.356384 90.623477 87.533344 134.881047
92.017327 114.430938 90.631205 87.442305 133.844104
91.346670 114.073934 89.793472 86.698331 134.071265
