# maturity time: 1.000000
# model size: 2
# number of dates: 365
# spot: 100.000000 100.000000
# dividend rate: 0.000000 0.000000
# correlation: 0.000000
# volatility: 0.200000 0.200000
100.000000 100.000000
100.241899 100.440564
101.672433 100.055073
102.547850 98.417890
102.682938 96.801252
102.377984 96.765776
102.937704 97.391168
101.451803 97.490090
103.292799 96.052843
102.591534 95.194075
101.124344 95.028947
99.462564 94.996411
100.691815 94.921895
100.218676 98.114442
100.268719 98.987862
99.367113 98.489603
98.245399 98.173389
97.733598 98.320977
98.802866 98.983159
98.188011 97.798520
98.913478 98.481124
100.742181 98.754117
99.401711 98.192071
97.414853 97.986247
95.611635 99.493109
95.271588 100.559761
96.019069 100.380675
96.351585 99.776019
97.708679 99.123642
98.333812 98.099888
97.840490 97.287675
98.433066 98.221483
99.102104 98.076035
100.135901 96.897201
99.530855 96.702627
97.837042 97.512264
97.517023 96.665389
99.710790 96.185611
99.718887 95.853003
101.278684 93.524989
100.054754 93.554382
101.108400 92.977279
100.687364 93.056311
102.785727 91.863756
100.965274 91.140210
101.251119 90.829235
101.623104 91.838376
103.256247 91.855089
104.121692 90.402613
103.044809 90.952070
104.586611 91.768787
104.166603 93.663652
103.175081 95.009273
102.756379 95.118514
104.104745 95.602811
102.866649 96.639142
102.593725 96.555095
104.149324 96.044934
105.270816 97.179314
104.757058 96.373206
103.982328 95.113525
104.185678 94.781658
103.151723 93.799785
105.328806 93.755006
106.312547 93.855268
108.398532 94.874843
107.106127 94.007723
106.275978 93.891906
106.040068 93.674813
106.731032 92.778067
107.108786 92.739355
105.614122 93.023680
107.170513 92.628742
105.949293 93.034813
104.265527 91.828741
103.439293 91.220684
102.143385 92.132038
104.007037 91.451303
105.067417 90.107147
103.731241 90.140412
104.760840 90.975166
103.469586 91.159314
104.933732 90.121613
106.836455 90.055352
108.281131 90.255844
107.138767 88.389274
108.390263 87.683889
107.165608 86.983040
107.614234 88.414846
107.580062 88.599014
107.846700 90.406548
107.576334 90.668707
107.808886 90.707491
107.492557 90.650232
106.025529 90.356657
108.272230 92.711568
105.904966 94.688568
105.764115 95.703609
104.164159 96.912547
103.304544 98.295403
102.337873 97.021319
103.694862 97.830153
102.749107 96.693482
102.761923 95.862379
102.408986 95.303611
104.363639 94.350883
105.761415 93.914800
108.228446 92.386109
109.561804 92.531032
110.723112 92.896741
110.636124 91.176651
111.465392 90.087881
110.655691 91.286385
111.304885 91.925085
111.726282 92.678710
112.184856 93.269484
112.002784 92.076394
111.720170 91.278062
111.071824 91.261477
111.718736 92.644329
112.041060 92.754735
111.734500 93.344912
110.296037 93.144720
110.304712 92.643801
108.938736 92.656168
108.327171 92.380959
108.509993 92.898901
109.541905 93.669081
108.064572 93.307896
108.041433 93.145510
108.710407 93.410068
108.859331 94.688582
111.245935 94.583794
109.434248 94.961579
107.317645 94.788434
108.245350 93.213520
107.947880 92.429685
105.864092 93.478536
103.966031 93.407029
104.170871 96.041867
103.217647 96.784168
103.352791 96.385565
101.271181 97.517362
100.471904 96.518536
100.571848 96.807300
101.170594 96.064768
100.786188 97.606652
100.326303 97.528699
100.178764 96.331056
101.756748 96.853516
102.195903 98.925606
104.509553 99.718261
104.307289 98.878822
104.127161 98.662126
105.249714 96.471991
106.774466 94.885726
107.237395 95.605108
107.453079 95.666760
109.857824 95.498009
109.694539 95.962786
108.457562 95.376434
110.416970 94.251697
110.864635 94.114365
112.305496 94.431031
110.188209 92.728255
109.676692 93.416525
107.946036 93.033521
109.376357 92.330327
109.465728 92.690584
110.206174 93.971477
111.995096 93.366744
112.901467 93.742977
111.269045 94.784444
111.210232 93.124368
112.410290 91.674451
110.923569 90.202016
111.224105 90.675442
110.723113 90.664868
112.857740 91.115320
112.351046 91.135954
112.182563 92.894047
112.811684 92.285105
112.030608 90.421804
114.031094 89.289574
115.094529 89.289465
113.960398 88.416132
114.653282 89.159380
115.843007 90.263671
115.060490 89.989355
116.043682 89.801568
115.975760 88.901500
116.326409 88.843854
114.374997 87.591949
115.713848 87.700211
117.099938 88.196102
118.749674 87.726728
118.264555 87.944895
117.593665 87.532231
118.333470 85.090536
119.648009 85.565776
119.985541 86.191862
118.923256 85.085060
117.141152 85.488468
117.585117 85.580809
117.664898 86.678719
119.650277 86.149852
119.619576 87.098644
119.719806 87.875927
121.559670 87.126252
122.009762 88.368386
120.319166 88.606745
117.872233 87.612252
116.388608 88.626763
114.135764 88.595938
111.443413 89.612329
111.707180 89.950598
111.416930 89.246229
111.920707 89.636529
110.653601 88.289718
109.444706 88.830905
107.404720 88.856895
106.271919 90.308273
108.330341 91.177864
107.366971 90.339910
108.950671 89.591630
105.937399 88.953041
106.263399 88.877760
106.734102 89.336586
108.492084 89.386148
108.729619 88.092802
109.562564 88.697989
109.179895 89.034863
108.536398 88.410516
109.608403 88.785861
110.189764 88.421457
110.029047 88.973440
110.115042 87.814892
109.217448 89.230835
109.486452 89.988033
110.129638 88.420304
109.820292 88.404473
109.336784 87.537362
109.956594 88.543616
110.006751 88.651189
109.384574 87.133060
108.405046 88.907452
109.487290 89.630917
109.160715 90.735283
109.020210 89.887141
109.818173 89.810576
110.730526 88.281612
107.882985 88.374253
107.818390 88.266216
108.988107 89.329158
108.202471 88.896488
108.400703 88.966128
107.706858 89.966507
108.304455 89.752323
107.403761 89.787861
106.875593 89.242733
106.656470 88.408084
106.750083 88.796637
106.321597 90.638331
107.580044 90.900623
106.679198 90.617137
105.171392 90.579235
104.263439 91.579504
106.497605 90.469918
107.352358 89.773242
107.696195 90.240540
107.308252 90.585319
105.885639 91.289165
106.694539 91.254967
106.348846 90.096195
105.571759 89.921152
105.847859 90.885441
105.178869 90.084460
106.292667 90.538578
105.092294 91.520965
105.626081 91.494627
107.236749 93.113597
108.394450 93.715206
108.783046 92.402182
108.870131 91.701437
109.653178 91.497677
109.104679 91.096127
105.618074 91.091373
105.223859 92.561000
104.132890 93.701613
104.245734 93.521802
104.177295 95.248314
103.336340 92.552810
104.096515 91.445049
102.727349 90.920197
102.765446 91.680981
102.147624 92.734727
103.780573 92.152645
103.140945 92.742475
102.915560 92.346409
102.509675 92.832367
104.153641 92.550718
103.045975 92.213876
104.504570 91.395871
105.831793 91.479054
107.269874 92.299520
107.854295 92.102873
107.763261 90.691884
109.377871 89.542459
109.608863 89.325587
108.124885 88.689892
106.994031 89.636841
107.031045 90.280885
107.085206 90.547907
105.753564 91.404418
105.771374 90.346010
106.469780 89.204501
106.119720 89.471761
105.079074 88.067635
104.907147 86.552773
107.374014 86.203431
106.753642 86.586902
107.606397 86.679169
108.883013 86.218724
109.110803 86.389486
107.387196 86.625016
109.393768 85.911226
107.679670 86.086980
108.351411 85.412597
111.014464 85.455538
109.244563 85.392709
106.845156 85.236244
105.358859 86.041183
104.733805 84.807755
104.593641 85.725693
105.137281 86.488190
106.313114 87.671245
106.430327 89.925554
107.448316 90.147542
108.465340 87.906518
108.447041 86.695026
109.698643 84.424973
110.029420 83.854088
111.613960 83.516377
111.614479 83.715885
113.158475 84.587583
114.461329 84.802854
115.194221 83.485525
114.954016 83.942857
114.347800 82.484880
113.812919 82.949902
114.819636 81.911910
116.012593 81.289514
114.670270 81.038558
116.955801 80.129632
117.803198 81.059023
117.577015 81.774891
117.019464 81.228400
116.160832 82.732234
114.443315 84.132596
114.895418 83.425380
115.398966 83.897387
115.376178 84.621402
115.436374 83.653008
115.318182 83.742066
115.783806 84.999423
116.619331 85.154203
