# maturity time: 3.000000
# model size: 5
# number of dates: 1000
# spot: 100.000000 100.000000 100.000000 100.000000 100.000000
# dividend rate: 0.000000 0.000000 0.000000 0.000000 0.000000
# correlation: 0.400000
# volatility: 0.200000 0.200000 0.200000 0.200000 0.200000
100.000000 100.000000 100.000000 100.000000 100.000000
100.253410 100.522542 101.532720 100.162716 101.206377
98.537747 99.955337 99.343688 98.905502 100.121072
99.101815 100.803044 98.419696 99.098478 101.842113
97.573769 99.524417 96.822091 96.858417 100.442257
95.896799 98.802568 97.232673 96.350083 99.557756
99.274735 100.226560 99.405470 97.091046 100.541099
98.102609 99.442706 98.370929 96.568943 100.851919
98.794363 99.125707 97.392579 97.072236 101.450919
100.706738 100.152697 97.012193 97.124437 100.132870
100.486122 98.286131 97.791399 96.532616 100.724255
101.311534 98.438217 98.373197 96.343258 102.224277
100.618739 98.769053 97.339042 95.607733 101.074602
101.256790 99.928793 98.449394 96.102569 102.641673
99.983848 98.846525 97.606561 93.959511 102.372196
99.641916 97.887211 99.246003 93.611123 102.371861
99.281655 99.209719 97.298035 92.388008 101.966350
100.376229 99.054564 97.183842 92.624833 104.037041
99.030815 96.845629 95.489191 91.756831 102.538573
99.411829 98.026166 97.339038 92.488611 104.104567
97.767753 96.406784 96.952446 92.951054 104.309630
97.357199 98.148148 96.478294 94.328158 104.378200
97.474599 99.429264 97.320596 93.794945 105.701188
97.204251 99.234379 98.540054 93.508156 106.790353
98.406211 99.254945 98.135904 93.058802 105.624588
98.607861 99.002176 97.224068 91.990459 107.165590
98.558863 99.867296 97.545587 93.843153 108.807609
97.329825 98.494484 96.120615 92.884456 107.581674
97.094607 99.012409 95.349165 93.067985 107.474977
95.677505 98.719592 96.150943 92.519923 106.098129
96.116713 97.391104 94.759262 91.380551 104.788481
94.857263 97.805072 96.098741 90.875341 105.717170
93.399072 96.013444 95.200215 90.801104 105.723077
92.195009 95.700243 95.988759 89.712196 107.016066
92.124324 96.909673 96.507367 89.200912 105.279329
93.250943 96.634944 95.756934 88.588891 105.561006
94.858045 97.266458 96.586988 89.421246 108.268457
94.609467 97.433014 96.751244 89.468546 108.010855
94.547225 96.130454 96.072564 90.735327 110.341558
92.385433 97.190579 95.619900 91.260704 108.646185
93.607237 96.927675 97.159897 91.025038 107.867069
94.906730 98.241186 97.095725 90.607867 108.307711
94.053537 97.562892 96.133723 91.624192 107.061920
95.372365 97.671280 98.613081 91.100174 108.906044
95.529178 98.727180 99.319924 91.429490 107.575535
96.278839 97.900246 98.637449 92.362174 108.180319
96.984114 98.541333 99.771313 93.220830 109.468957
96.819669 97.264435 99.119151 92.056810 108.237036
96.801518 97.798720 100.648244 92.715544 108.894874
96.524634 98.281138 99.512723 92.343812 108.635780
95.981765 96.893139 98.959261 91.358503 107.637784
96.151534 97.481352 100.044672 92.418077 106.940953
95.763855 97.302348 99.714571 92.738547 107.093668
95.901393 98.634236 102.157285 93.455106 106.456476
96.302517 96.964040 101.608251 93.793914 104.613502
96.025855 96.069699 99.456013 94.040550 102.378400
95.949245 96.218910 102.051023 93.817439 103.525346
96.080964 95.889844 100.099167 94.352225 102.509066
95.051664 95.567119 99.967165 94.527322 101.561088
94.674027 96.881742 99.821131 94.629609 101.597897
93.458066 97.836027 100.226602 95.012334 103.600955
95.673529 99.514350 101.208440 95.350036 104.455537
95.454389 100.449185 99.339355 96.335822 102.913041
95.887750 101.361270 99.907088 96.802276 105.397247
95.711019 101.140441 100.236057 95.805005 104.614993
97.521431 100.746952 101.034517 96.162576 106.319801
97.865080 99.062277 98.978280 95.040831 106.127108
96.249969 98.016468 99.403469 93.913546 105.528376
96.643246 98.811644 101.013063 95.875065 105.863285
97.462096 99.527170 100.114192 96.970760 106.158955
95.676866 99.814456 98.239259 95.085897 103.626632
95.948400 100.428954 98.081165 95.228840 105.551631
96.447545 100.202580 98.181378 95.181676 107.407888
97.013864 99.804339 97.606225 93.371924 108.633451
95.743324 100.165569 97.337194 92.291093 107.224808
96.352813 101.227923 98.738193 93.960967 107.539032
96.046675 101.925844 98.650288 93.967356 106.640851
96.350828 101.989675 97.231042 92.556842 107.231884
96.475705 103.212821 98.103574 94.184219 107.496261
96.063579 103.280260 97.488462 93.578902 107.767366
93.261587 103.149995 97.126087 93.094397 107.676832
92.397995 101.499232 95.091626 92.523883 107.001678
92.502681 101.609610 96.270910 94.222948 107.058212
92.478090 102.669992 96.621529 95.264002 108.992355
91.652936 102.664125 97.632499 94.106594 109.032874
89.703626 100.687534 95.377945 93.730779 105.844970
89.671217 98.392685 95.738076 93.517602 105.771080
89.427660 97.545836 95.821868 93.662702 104.541801
88.022338 95.912338 95.462371 91.350385 103.403006
87.051337 96.981446 97.157873 92.496553 103.151375
86.214576 97.972106 96.429508 90.057582 101.873042
86.492450 98.017045 96.921385 90.647829 103.634668
86.542892 98.244134 95.708562 91.070779 104.162939
86.226847 98.456141 95.146773 90.347171 104.772457
86.610185 99.131015 95.091085 90.440875 105.569898
86.681251 97.923216 94.068185 91.291309 105.547865
87.451345 98.822241 93.035447 91.199474 105.641842
87.048720 97.710296 93.093074 91.822707 105.517719
87.159621 97.228123 91.528474 90.666404 106.757198
88.070605 98.393534 91.859021 92.193618 107.462252
87.209573 98.693871 91.607295 92.680672 105.763366
84.864423 97.720224 90.587371 91.586685 105.607264
85.934368 97.530499 90.454969 91.920520 105.922266
85.359103 98.315912 90.947770 91.859152 105.258411
85.394698 97.866880 90.330478 91.464431 104.097585
85.473358 98.313934 90.135938 93.228636 105.608933
85.732432 97.640763 89.776673 91.884114 105.138242
84.958319 98.315652 91.483918 91.220237 106.059270
84.274061 98.297528 91.702269 90.804211 106.210705
83.105536 98.476732 92.023874 90.596964 105.693871
82.001803 97.263340 91.183474 90.104227 105.907841
81.459764 96.184000 91.601474 90.243060 104.627499
82.385125 97.088575 92.117045 92.008088 107.139111
83.316277 98.128648 92.998189 91.485871 107.713848
82.655441 98.489590 92.692233 90.919613 107.024979
79.893726 97.153375 91.123052 90.913362 104.801428
80.924455 97.752677 91.454385 91.314643 107.025153
80.241222 94.774452 91.039121 89.453660 104.545970
79.759573 94.578549 91.524969 88.914308 105.431586
81.094522 94.633803 91.452017 89.747705 105.718310
80.732374 94.105641 91.627897 90.869001 105.514060
79.834369 93.356949 92.309890 89.908495 106.257236
79.910617 94.607801 93.448319 90.878718 106.775155
79.840251 93.182948 94.298460 89.703652 106.581862
79.638125 91.877941 93.234906 88.309069 106.730128
79.667166 92.522931 93.472325 88.735579 105.839298
80.456124 92.901822 92.843885 89.400678 104.936095
80.179548 93.038965 91.952768 87.912679 104.241843
78.737135 94.446303 91.527185 87.303778 104.367119
79.395622 94.856732 92.857814 87.410339 105.095868
79.560390 93.495123 92.759350 88.604791 104.331475
78.256567 93.059892 92.725677 87.559614 105.938678
78.297946 91.654372 92.272639 85.459015 104.923967
77.158775 91.942210 91.465571 83.978144 104.079376
78.033119 92.816353 92.758539 85.474649 106.338399
78.123357 95.146464 94.267699 86.466172 108.271864
76.092475 94.132483 92.090573 86.192254 104.550565
76.332790 93.638412 93.250243 86.077423 104.720238
76.523818 94.973696 94.589095 87.561925 105.871898
77.036825 93.807143 94.252460 87.808531 105.253277
75.637451 92.702455 93.925030 87.842154 103.460677
76.460194 92.424378 93.131152 87.583444 105.202917
75.563244 92.626741 93.862992 87.395507 105.941989
75.188530 91.848641 92.871078 88.368269 104.311030
76.521009 92.845181 92.900728 89.279804 105.572355
76.505401 93.604289 93.154040 88.570737 105.525296
76.590836 94.007139 94.582535 89.550250 106.300748
77.353757 93.013114 94.440378 90.259925 105.235175
76.462451 92.440938 94.431459 89.600223 106.193818
76.935045 93.010687 95.454203 91.108436 107.077078
75.516541 92.360932 95.498343 91.498122 106.919725
75.377542 92.955391 95.069034 90.848321 107.734114
75.871951 95.004057 98.163931 92.128447 107.639260
76.032425 94.529369 97.074275 91.817458 106.705568
75.916332 97.357455 97.886997 93.649698 107.933742
76.232884 97.319307 97.133102 93.434027 107.127544
76.447297 96.474195 96.215362 93.769793 107.456262
76.207396 97.395781 96.245447 93.218221 109.237384
75.882877 95.695972 96.098854 92.042624 108.787510
75.018804 95.689146 95.131545 91.471898 109.082141
74.671150 95.457590 94.427414 91.608906 107.346477
74.657152 96.564180 94.182402 91.201898 107.207567
75.520435 98.003629 95.280620 92.290155 109.412575
76.986539 97.489668 93.650197 91.365613 109.602227
77.761665 97.911596 92.651582 91.975934 108.834783
78.491548 98.581688 92.442637 93.312257 108.824041
79.066409 99.842604 93.166259 93.862002 108.586679
77.776552 98.474072 91.670142 92.667999 107.890934
78.042612 99.235758 92.947367 92.698265 108.872184
78.847018 99.890397 94.302977 93.320016 110.244446
79.581719 99.631425 94.344249 92.714587 111.072330
79.642936 100.578152 94.558757 93.129415 111.314342
79.921146 100.205223 93.755985 94.121936 110.750593
80.301384 100.561497 93.566217 94.344222 109.632314
80.279776 101.879677 94.399966 94.381499 109.951391
80.750787 101.574220 94.677409 94.178983 110.566603
80.499233 100.748972 93.691177 94.480718 110.309387
80.042137 99.001368 92.306638 93.595536 109.478082
80.732388 98.866107 93.128084 94.349935 108.225618
80.239142 98.612528 92.905531 92.044321 106.529586
80.118369 97.927486 93.585479 93.149747 105.838174
79.887076 98.240817 93.977438 94.251179 105.106013
78.222791 96.879102 91.886499 92.855792 102.422010
77.904640 96.702033 91.253165 93.630648 101.159689
77.043661 96.572473 89.743867 92.756940 102.579230
76.427972 94.261928 89.153689 92.078407 100.561808
76.059653 92.998240 86.990744 89.489553 99.201719
77.476598 93.265103 87.214728 90.170334 99.687171
77.824677 94.791468 89.125695 90.625470 99.419696
78.656667 95.198130 88.395645 91.239479 100.827738
80.174948 97.294952 89.287375 91.740285 103.186183
80.966955 97.482094 87.567527 91.548393 104.943380
79.595248 99.067732 86.807993 91.196657 105.205251
79.576612 98.705953 87.130084 91.629215 105.263532
80.473476 100.152485 89.463276 92.976544 104.808069
81.833958 102.425882 89.563671 94.516025 104.196299
81.375452 101.845664 89.645512 94.333862 103.898198
80.242644 103.171302 90.157218 93.544707 102.662764
79.768408 104.253980 89.722278 93.082580 103.774071
79.746131 104.673399 89.873461 93.749572 103.897056
80.182415 105.780703 91.469399 94.446699 104.075817
79.680759 105.584491 92.276811 93.792581 102.300219
79.438480 105.083868 91.836476 93.198764 103.963081
78.689766 104.174976 90.241635 93.729284 103.145079
78.753535 103.602430 90.676603 94.066449 103.312295
78.954631 103.424116 90.625353 94.894135 102.126953
79.042417 102.246611 89.476323 95.127031 100.175724
77.724293 101.335372 88.817419 93.719587 100.474400
77.414100 100.280843 87.508895 92.883227 100.760664
76.233772 99.914236 85.980895 91.367018 99.192876
76.005203 97.146380 84.939222 89.532537 98.852376
74.633055 97.026763 84.608835 88.164808 98.253436
73.083240 95.782558 84.820593 86.386328 97.278185
74.194625 96.997886 85.499940 86.949496 98.403685
74.832987 95.247487 84.559977 87.290258 98.218203
74.777291 95.237517 85.231769 86.939954 98.873484
75.822360 96.300531 84.834053 86.799098 98.980478
75.530422 96.391150 84.451705 87.279070 99.503888
74.418710 95.406768 83.979626 85.173794 99.467563
73.140720 94.983521 82.207949 83.255495 99.969021
72.807809 93.940522 81.980326 83.676718 100.258231
72.224155 93.671312 82.471724 84.414070 99.864397
73.069298 95.592752 82.252419 84.636875 101.655747
74.324898 96.681898 84.696326 84.983050 102.919339
74.055602 95.539576 84.869976 85.108818 101.332785
75.167526 94.611167 85.836101 86.084619 102.369196
74.949628 96.032160 85.581125 87.115676 103.019710
75.218571 94.715594 84.481902 87.236929 103.908482
75.515412 94.442614 84.631361 87.159142 103.964555
75.368245 94.799070 86.018557 87.044671 104.148516
73.834032 92.532922 85.049186 86.171083 102.920068
73.922106 91.849166 84.987851 86.368043 103.716484
74.506893 93.624602 84.822818 88.441871 104.386090
74.737989 92.390520 83.248050 87.577138 103.385152
74.785237 91.512398 80.438996 87.601645 103.585128
74.735025 90.759995 80.765695 86.859536 104.783613
73.673689 89.722849 80.396062 87.050392 104.841108
73.605218 89.545759 79.526174 88.692834 104.838052
74.515405 88.764958 78.674425 88.545455 104.049012
74.937685 88.705788 78.933183 89.451362 103.254703
74.460534 88.246313 79.612548 89.055917 102.952617
74.722553 87.060347 78.378387 88.483817 101.918382
74.791570 87.333460 78.505938 88.791912 102.151419
73.627275 87.441084 79.334680 89.554615 102.040735
72.580626 88.060538 78.185996 88.116126 100.309568
72.190718 90.441796 77.588507 88.606677 100.239960
72.099122 90.164501 77.643723 88.623532 101.677363
71.683679 88.552133 76.064965 87.723476 98.819605
71.037514 87.443863 75.486524 87.003701 97.892024
70.694171 85.751473 75.489784 86.850069 97.252364
70.465970 88.035426 76.143317 86.760336 97.297676
70.823630 87.400750 77.132655 86.510876 97.222138
71.077212 87.184141 77.109725 88.394917 96.857934
71.970971 88.992172 78.351649 89.056893 98.414431
72.596062 88.474939 79.144796 89.096085 97.694948
72.835697 90.127554 78.301000 90.145224 98.931143
74.643140 91.014835 78.655944 92.429986 99.653849
76.038665 91.116218 78.830565 94.059261 99.006202
75.040998 91.655003 79.833335 93.239173 98.793892
73.983956 91.099377 79.143291 92.286756 97.367136
75.136105 91.683183 81.120784 93.749196 98.381196
74.035921 90.537778 79.963960 92.782838 95.571302
74.935326 91.420263 80.793761 94.098326 96.098482
74.342820 90.921600 81.102636 93.644315 94.291381
74.916048 91.857059 82.342726 95.572793 94.526459
74.346391 91.443841 80.544441 95.959106 95.386900
73.847360 92.013212 79.350012 95.422504 95.860142
73.418504 91.224204 79.303360 96.211282 96.020019
75.942648 94.324628 79.872006 97.608302 97.247978
75.099310 93.782398 78.472741 94.728974 95.867470
75.385933 96.015931 79.268454 95.485647 96.917027
74.638427 95.130322 79.434880 94.099170 96.481713
74.287832 96.029334 79.094477 92.490702 95.676197
74.382324 95.518668 79.954411 93.198702 97.377998
73.663171 95.065998 80.065823 93.529766 97.732834
74.373740 97.457814 81.593506 93.953203 99.100431
74.909154 98.839602 82.339108 94.465297 99.526984
72.809169 96.056395 80.595153 93.274469 96.912254
73.133435 95.744192 82.191216 93.382357 98.617124
73.989040 96.559924 82.408165 94.095184 98.904989
73.269858 96.781143 81.944533 94.373643 98.841592
74.109668 95.667287 81.504460 94.900535 98.679900
73.693873 95.998635 81.877601 93.257341 97.951634
72.728673 96.782739 81.193852 92.628482 96.984924
72.352389 96.660806 81.122588 91.257966 95.814302
73.695266 97.304342 81.776610 91.329639 96.668925
74.856374 98.584415 81.303538 90.851000 96.753235
75.367967 97.435361 81.350193 90.735894 96.305567
75.463614 97.038657 81.361188 92.266309 96.693230
77.071766 98.423736 81.672473 93.302122 98.120321
78.228324 98.270863 80.987753 94.557135 98.341289
79.607207 101.274355 82.708741 95.841738 100.860257
80.230821 100.667945 81.790202 94.867534 100.808250
78.948336 99.185618 78.708019 93.147931 98.765256
79.587297 96.729423 78.913803 92.088109 99.454456
79.035020 96.436956 78.965769 91.948534 98.902580
77.474626 96.374827 77.504634 91.895636 98.962404
77.004704 95.666460 76.623900 91.459113 98.173103
78.429913 94.234072 75.627394 90.009182 97.224176
79.152971 93.751039 76.870636 91.405058 97.246868
78.183629 92.816514 77.046585 91.017182 97.755631
78.217882 92.470423 78.005710 91.357155 98.837710
78.576631 92.545480 78.642416 89.604138 99.601332
78.767902 92.593185 78.878601 90.401665 100.054832
78.297545 92.991748 78.034466 89.230455 100.756185
78.309430 91.708028 78.593729 88.558595 101.423210
77.602598 90.248475 78.208465 87.061692 99.849194
78.590258 91.210022 78.255741 87.285957 100.141537
80.543465 94.443037 78.779295 87.941105 102.909308
80.735355 94.035788 78.338810 87.779766 103.537754
81.297190 93.932994 79.451475 89.032793 104.070024
80.894218 93.908197 78.289666 87.669667 104.077420
81.357474 96.476422 77.942324 88.648112 105.134635
82.055421 98.631586 78.507578 88.416133 103.722493
82.752786 98.335300 78.347273 88.124264 102.955375
83.634541 98.899372 79.467377 88.558586 104.438122
84.266984 97.484296 78.718661 87.877599 104.298278
86.490042 98.847057 79.701654 88.999459 106.245689
85.549787 98.077683 79.090723 87.516912 106.520033
86.612416 97.590495 79.068594 87.543995 106.537652
87.732753 98.019342 80.467550 86.924760 108.405433
87.723187 99.640829 80.712916 86.463908 110.155333
87.674796 100.039019 79.825186 85.626654 109.685446
85.554051 100.299892 80.131798 85.530948 109.911847
86.143296 99.686143 80.279911 86.645466 110.315050
86.893336 99.001522 79.849234 85.114206 109.011069
86.289862 97.852888 79.167423 84.745445 107.813293
86.441837 98.584413 79.269486 84.675721 108.399982
84.894304 97.222933 77.640829 83.447350 105.016019
84.504287 95.832153 77.622154 82.061173 104.857388
85.613002 98.569735 78.027036 83.221760 107.424076
86.095090 97.841082 77.030752 83.639314 107.405460
85.403633 98.480796 77.617217 83.528705 108.533245
84.425868 97.834955 77.344760 82.480990 108.112159
84.419172 98.733443 77.648565 84.522603 108.795673
84.464480 99.369467 77.416700 85.574485 111.470176
84.743194 99.413707 79.117879 85.882447 112.975843
84.254946 98.868993 79.929963 86.176866 113.808678
83.957560 99.247470 80.765895 86.006865 114.645753
85.107879 100.501446 81.944738 88.003732 114.719934
84.436272 100.862532 81.954395 87.358552 114.475280
84.247259 100.576829 80.841598 87.117091 113.159957
83.757225 102.439673 80.942617 87.228791 114.296649
83.447702 103.856485 81.300886 87.148339 113.780437
84.478675 103.521228 81.781534 86.907030 114.193720
84.835379 104.370194 81.985921 86.432533 114.803430
85.858948 105.761907 82.111541 86.019290 116.132493
86.821935 106.980048 82.280818 87.743067 116.281362
87.113902 106.959532 83.734497 86.895947 116.768324
87.366673 108.654177 83.640020 87.738279 117.154820
86.476474 107.192169 82.245561 87.293376 116.721902
86.747164 107.166378 81.706060 86.751141 115.543701
88.660231 108.478705 82.324659 87.260190 117.344511
88.864060 110.193615 83.880100 88.107244 119.762411
88.939335 110.120863 83.809259 88.555767 120.009492
90.800783 111.551716 85.478701 87.668871 120.185121
90.927291 114.361100 86.436558 89.639021 121.259383
91.569643 113.975820 86.737016 89.981230 120.729743
93.509682 114.727526 87.527734 90.446808 120.747789
91.665632 112.966009 86.666327 88.604059 121.342410
91.286588 111.124520 88.258849 87.691730 120.494226
89.877516 109.940177 89.422705 86.081079 120.727954
89.567337 110.656948 91.190004 85.533729 123.506308
91.375109 111.784894 91.085006 86.422894 123.667548
91.751492 109.288779 90.610418 85.886380 122.159055
91.052090 108.626957 89.486513 84.733875 121.457566
92.118230 108.487996 90.278234 85.567026 122.436095
91.578710 110.802846 90.839475 86.770382 124.536627
91.726011 110.241484 89.782488 85.078240 125.066974
91.442068 111.029222 90.337880 86.371134 127.732005
90.481200 109.224836 88.871334 86.464845 127.194731
90.638202 108.809816 89.106371 85.980979 127.252065
89.471237 106.788344 89.154589 85.413036 125.275936
88.193928 106.193520 90.685109 85.615589 126.517865
88.863075 107.660590 91.012898 85.843979 129.834525
88.746099 109.261710 91.838165 85.355865 130.578192
88.052902 108.850427 90.226721 85.251827 128.244646
88.753447 110.581902 88.890596 86.500908 127.929122
88.460498 109.678757 87.650603 85.129445 127.034613
88.314741 111.285874 87.844938 85.248097 127.335680
87.385818 109.730162 87.946198 85.069041 124.929790
87.063178 109.838109 88.081926 85.239263 125.695054
86.035157 108.141385 87.402717 84.859461 126.331350
86.259518 108.891964 85.989508 85.177519 127.520857
87.075994 109.152630 85.293781 83.913396 127.181539
86.450489 107.723659 84.138987 82.987996 124.175782
87.304263 105.878310 86.098663 83.199076 124.228978
87.331629 105.512174 86.541460 84.419087 126.502532
86.447611 104.212384 86.367149 83.605540 125.301238
85.075263 102.304617 85.070809 82.358045 124.561756
85.566988 102.049874 85.784123 83.661712 124.503391
85.159620 102.892161 85.564515 83.534641 124.524413
85.616431 101.188941 84.564435 83.270498 121.796651
84.453087 99.245525 83.270267 80.718446 119.567956
85.532335 98.897010 83.731465 81.273807 118.021937
87.925850 99.654694 84.449481 83.061616 122.625195
88.006557 97.385699 83.814242 82.648517 121.619234
88.135632 97.924561 81.948663 82.609598 120.093014
86.480103 96.745339 80.868017 81.050337 121.161660
87.550393 95.274268 80.732529 80.616758 121.645326
88.218851 95.904702 81.547650 82.459906 122.037427
89.695079 95.513743 81.416574 83.187750 121.684242
89.690724 95.903392 81.527886 83.671321 120.634477
88.847978 96.962893 80.881376 83.259448 120.761977
88.504374 97.486501 80.691521 83.674216 121.034147
88.034433 97.013328 80.126866 83.136384 120.848710
89.313556 98.370459 80.703209 82.787281 121.687305
89.487414 99.765373 81.082646 83.390779 123.219145
87.931733 98.204878 81.455130 83.752254 121.553565
89.673598 100.374878 83.214123 84.425342 122.329421
88.407553 100.079084 82.534437 82.690515 121.651822
88.583549 99.354196 81.927743 81.585420 122.524150
89.891040 98.705170 81.294417 80.603937 122.078813
89.668367 99.416787 82.119298 81.867923 122.922160
89.038000 101.306369 81.395038 81.113359 124.595038
87.230284 101.137432 81.726359 79.914047 121.784830
88.036838 101.031313 81.936936 80.403505 120.284287
86.878786 99.455824 81.972098 80.000030 120.160223
86.948498 100.234095 82.565329 80.122710 120.538313
86.565431 100.680125 82.651185 79.756175 120.403572
85.807261 101.834809 82.367929 79.041765 120.097020
85.931751 100.964003 82.698884 79.020365 121.221663
85.492328 99.997848 82.839535 77.942422 121.149868
84.621893 98.124336 81.640999 76.326663 117.738854
85.484346 97.510886 81.568411 74.998800 117.790475
87.215606 98.812113 81.631438 75.282615 121.008919
87.623229 98.719765 80.828262 75.725339 121.500267
88.937834 100.043469 81.293664 76.223092 123.228377
88.738523 99.348043 81.207640 76.253074 124.845795
88.639766 100.258202 80.544563 75.717550 123.896964
89.340573 101.553456 80.761854 77.265791 124.340851
88.087984 100.567917 80.859198 76.423606 125.490073
89.334978 101.197789 80.556147 76.451045 125.808839
89.559537 102.199828 80.818272 76.241138 125.002487
90.503973 101.556464 80.475204 76.564283 125.711776
88.422456 100.996364 79.043868 76.235529 125.091983
87.012781 98.046897 78.023966 74.514031 123.430020
87.401501 97.173995 78.240809 74.764875 124.241264
88.831137 98.185873 79.327060 75.206447 124.899818
88.548297 97.607469 77.871446 74.631640 123.055012
87.610759 98.765595 78.907698 74.053947 122.290768
85.951583 98.854455 78.311561 72.992011 125.228266
86.569487 98.904789 78.978752 73.410402 126.371820
87.248619 99.472227 79.944529 73.031969 126.751430
88.441229 98.881258 78.917664 73.699023 127.239141
87.860717 97.939482 78.947892 74.282850 125.480432
87.124263 96.596570 77.701202 74.672168 125.752751
88.571858 98.157485 77.931895 74.643625 127.106764
88.387337 95.570648 76.323659 75.072261 127.819149
87.911442 94.651163 74.818526 75.281477 125.231076
87.945014 94.784847 74.484512 74.902521 126.335235
88.336794 94.804008 74.171413 74.146573 125.415501
88.980520 95.443485 75.262060 74.566054 127.061548
87.966124 93.904684 74.389385 74.020335 126.609314
90.220217 95.780300 75.235597 75.814626 126.857125
89.325287 95.358104 75.619755 76.177388 125.495564
89.631853 95.389972 76.368852 75.765526 124.100625
89.008019 94.420402 75.535948 75.536812 123.197464
87.060951 96.003781 75.353385 75.284826 123.404630
88.272766 96.404886 75.032193 74.400973 124.951083
86.987123 95.795377 74.955393 74.862235 125.336407
87.110529 95.163993 75.558584 75.048131 123.749388
86.442100 94.099360 75.769696 75.799968 123.447456
86.137338 91.919153 74.526966 74.396655 122.803477
87.224823 91.348693 74.190239 73.858491 122.996520
88.473828 91.516814 73.661390 74.802302 123.099330
89.758408 92.115883 74.272116 75.154398 125.076805
90.859776 93.314151 74.718387 75.648040 127.661769
90.674677 93.595080 75.806149 76.639715 129.675360
89.155604 92.631237 74.271178 76.140656 127.955737
87.783000 92.808127 72.274813 75.073545 127.968351
87.216246 92.623261 72.736343 74.654790 126.823155
86.861702 91.660168 71.889645 74.512144 126.584616
88.083419 93.040878 73.590529 76.358109 128.880741
87.535956 92.251706 73.023533 76.545663 125.557553
86.797728 93.991110 73.963271 76.677362 125.686273
85.826337 93.002120 73.269023 76.280218 123.877863
86.177796 93.488904 74.162373 76.497237 126.124210
85.621842 93.163773 73.510905 74.651253 123.998628
85.079496 92.446462 73.185549 73.738734 122.742155
85.880704 93.264151 73.524674 74.479560 123.871620
85.534946 93.805638 73.921350 73.713483 123.240184
84.411324 94.591778 71.886784 73.042842 121.006396
84.283055 94.872965 71.169063 73.284871 120.393035
83.949360 94.073147 70.821283 73.673295 121.767379
84.981121 94.145053 72.267477 75.693674 123.064510
84.075664 93.600874 71.726113 75.486735 122.452856
84.987567 92.591140 72.191671 76.483148 123.040936
85.238745 94.304223 73.087321 76.394797 123.507608
83.817241 93.176616 72.852074 76.590761 122.994286
85.000898 94.137151 73.142665 77.403538 122.925850
85.090349 93.761133 73.044416 77.404007 121.808806
86.285623 95.884024 73.544090 76.089268 122.576473
85.541608 97.604773 73.286174 75.678516 124.360157
84.767826 95.773845 72.198365 75.387503 122.598936
84.573425 94.955585 72.230377 76.134976 122.492538
84.764506 93.446566 71.662282 76.905035 123.813605
85.322173 92.021874 72.277151 77.569423 123.111595
85.533240 91.834085 72.426713 77.500626 123.342962
85.722484 91.709748 72.119784 77.235634 123.634575
84.605612 90.452193 71.546104 76.981444 124.286574
83.986250 90.930340 71.369494 75.348547 122.181438
83.852815 91.005381 72.498337 75.063422 122.714344
85.622626 92.569010 72.861954 74.840301 124.252878
82.926008 91.625100 71.853107 74.859013 122.423131
82.732328 91.288499 70.187933 73.852998 120.609312
82.268416 90.939260 69.498941 74.324673 119.464873
81.106546 90.491750 68.179797 74.157111 118.865376
80.304419 88.806098 66.923836 73.279362 115.881224
80.310523 88.930210 67.320354 74.463166 116.727106
80.579188 89.856527 67.255137 75.458534 116.398101
80.960389 90.078624 66.926119 75.637034 116.982555
80.760037 88.872837 66.738276 75.737780 117.366798
79.949436 88.057608 66.429144 75.510645 115.886734
81.516288 89.869339 67.667127 76.472100 115.665546
80.657764 89.427790 67.811580 77.272310 115.728396
79.466196 89.572946 67.035763 77.530427 116.016346
79.844108 89.041128 67.776326 77.950091 117.325499
79.384299 89.365495 67.529667 77.909556 116.400271
79.367451 87.473156 65.973978 77.849701 115.062020
79.801912 87.081940 65.260667 76.603845 114.237877
79.927187 86.599667 65.670238 76.286768 114.484909
78.458431 87.325939 65.427722 77.031082 115.866547
79.264819 87.268055 64.905942 78.641367 115.225180
78.946292 87.497659 65.962033 78.470287 114.315700
79.292876 87.552785 66.131715 78.020702 115.397034
78.755780 86.421930 65.103503 76.968662 115.036598
77.883369 85.858010 64.622570 77.062433 115.072816
78.172215 85.531623 65.397407 77.109127 113.580311
76.416498 84.282521 64.284938 76.248467 111.093064
77.317267 83.886260 63.767476 75.342656 112.673628
76.594861 84.393002 63.668202 74.538934 111.714133
75.512731 84.194406 63.465627 73.934801 109.531589
74.740841 83.537864 63.755737 73.552394 107.881942
75.847958 85.305647 64.289508 73.883926 108.141248
75.460682 85.909917 63.636787 74.865528 107.862148
76.894641 86.225156 65.027899 76.687941 109.898945
76.870577 87.685149 65.788280 77.584599 110.884284
75.854696 88.814981 65.475358 77.476550 111.213505
76.110055 86.895561 65.550905 77.587948 110.006120
75.642153 87.049885 65.837376 78.634938 111.209201
74.535829 86.969840 66.192831 77.817545 108.734842
74.928250 87.314494 67.267897 77.180210 110.448234
75.323139 87.916398 67.074405 77.202428 110.570108
76.393701 88.609786 66.882380 78.249885 110.143030
76.364900 88.865828 67.507137 77.166071 110.092727
77.779461 88.830641 67.175567 78.532244 110.009785
77.842989 88.298773 67.255119 78.583842 111.544203
78.699608 87.445634 67.453784 78.549440 111.593361
77.738690 88.922415 67.602566 78.548235 112.734421
75.566614 88.122606 68.116250 78.586284 113.745249
75.395650 87.413148 67.999190 77.472119 113.836985
75.140552 88.646221 68.404394 77.473814 116.530580
75.178062 88.427279 69.333614 76.827813 114.457252
74.883790 87.692386 69.012513 76.942514 114.525884
73.225483 86.511740 68.144179 76.508804 114.042128
73.739571 87.566441 68.519062 77.013906 114.683799
72.928537 88.412373 68.879596 75.807209 115.061599
71.574251 87.720332 68.287500 75.280168 115.635257
70.734670 87.627548 68.379204 75.746234 114.511184
70.315020 87.170443 68.520053 76.153236 111.804210
70.919453 87.641647 68.772801 76.032562 112.456536
71.594711 89.030420 68.366607 74.933590 114.469943
72.810786 90.282175 69.133990 74.826569 115.584705
73.803133 90.976723 69.204906 75.937157 115.548246
74.025169 91.043883 69.799902 76.617671 117.025774
73.871616 91.888712 69.680818 76.449598 116.670021
75.153282 92.825604 71.452887 77.666575 120.204749
75.203245 93.191111 70.947581 77.712763 119.359435
76.128774 92.198636 70.136560 76.677531 118.975620
74.985515 90.631743 68.936605 75.689843 117.429224
75.820125 92.411742 69.015488 75.502730 116.863123
76.260627 92.046145 70.112842 75.140444 116.397934
75.972666 89.215182 70.170648 74.026764 115.254697
74.678535 87.885482 69.154735 72.979495 114.573584
75.637582 88.211027 70.729695 71.523887 115.071412
75.059575 87.935329 71.211037 71.799820 114.837540
74.643739 88.765628 71.033682 71.716615 115.005186
73.941821 88.929389 71.316408 71.101865 115.341969
74.373921 90.131886 72.132796 71.369138 115.759612
75.132402 90.796830 72.053072 71.521300 114.957267
75.579780 90.160439 71.652095 70.878907 115.522182
75.450147 90.570564 71.714671 70.402254 114.853440
75.234064 91.652728 72.004708 69.628621 114.026213
74.144268 90.925429 71.752772 68.530294 112.854175
73.988957 91.694458 71.754575 69.037852 112.795927
74.705777 93.265654 71.838009 70.688691 114.302249
75.243545 91.003155 71.113326 70.134111 112.448733
75.123023 92.568535 71.204592 70.450916 111.972590
74.442465 91.564149 72.619749 69.656972 112.309868
75.990051 92.009997 72.020587 70.500000 113.405981
74.825286 90.325286 72.002226 69.323526 111.965174
75.032752 91.566110 70.887242 70.141337 110.988118
75.138234 91.328672 70.909258 69.986794 109.826677
76.078409 92.916496 71.560948 70.771289 109.782463
76.345144 92.764476 71.678652 69.539192 108.999482
75.153847 90.195297 71.456527 69.444194 106.897600
75.592881 90.798562 71.729474 68.880317 106.963141
76.896624 91.001968 72.570247 69.319192 107.194668
77.865232 90.933987 72.275620 69.921384 110.448594
77.444414 91.978148 72.484623 70.781537 111.856387
77.439387 92.328986 73.043719 70.337599 113.494963
77.389460 93.894388 73.819346 71.626817 113.517950
77.358328 94.014097 72.691536 71.088106 114.128880
78.263644 94.205532 73.369256 70.726378 112.466758
77.460977 94.940002 74.840954 70.515650 111.821293
76.702436 94.783938 75.061432 69.110392 110.458916
77.361497 93.275255 73.764281 69.041757 108.633924
76.136191 91.461885 72.589404 68.325878 109.323069
77.869054 92.769719 72.838978 69.363466 110.686277
76.756292 93.599392 71.449537 69.176727 109.829505
75.634900 92.832851 71.162374 69.007712 109.312981
76.287153 94.158400 71.931707 69.290109 108.685388
75.725558 95.387215 71.532692 69.088124 109.871457
76.940989 96.139851 72.208763 69.214288 111.133818
76.041378 94.962965 73.442883 68.073140 109.365560
76.197819 96.132942 73.140747 68.226419 110.626546
76.258657 94.883410 72.988277 68.123206 110.589634
75.817817 93.518371 73.592888 66.858882 110.243141
75.632265 91.571192 74.300749 65.731975 109.705940
75.942951 90.789269 74.160225 65.539882 109.079021
75.191289 90.014483 73.517069 65.007081 109.566969
75.422449 87.720731 71.119380 63.155255 107.336440
75.413619 88.732547 72.063487 63.573069 106.150965
76.136292 89.687415 73.244655 64.771262 107.053761
76.731568 91.151549 72.224912 65.164946 108.275187
76.399053 89.936421 70.338642 64.812544 108.001386
75.976533 89.605720 69.786110 64.886008 107.138770
75.894873 89.634652 70.652667 65.568378 108.273503
74.800947 89.250985 70.020355 65.194557 108.709602
73.758224 89.066049 69.392965 64.921331 108.249612
75.000644 88.413303 71.275543 65.297238 109.037864
75.804485 88.242862 72.126694 65.523824 109.211020
75.449898 88.230050 70.234129 66.194745 108.405872
75.887945 87.908743 69.380809 65.607837 107.801003
76.204991 89.606669 70.440422 67.151636 108.856001
76.957455 89.799712 71.539745 66.951910 108.272580
78.048373 90.379359 71.747999 68.139045 108.184968
77.183850 90.361084 71.637911 67.083743 108.331623
77.709649 91.189797 72.916459 67.736897 108.868336
79.363156 92.890453 72.644421 68.408780 109.144604
78.686460 93.874389 72.443513 69.325055 110.298324
77.760069 91.982402 72.651729 68.086780 109.928160
78.062906 92.726448 72.097870 68.146430 109.343122
76.742292 93.152233 73.461972 67.350982 109.829325
77.603471 95.118915 73.929612 68.257565 111.972961
77.692375 95.831896 74.176065 68.882199 114.326314
76.925663 95.466030 73.665028 67.463645 112.622664
75.808783 95.042747 73.035242 66.204143 112.307782
75.607706 95.029618 72.478151 65.239079 111.781246
76.245186 97.871005 72.767067 66.805648 113.330651
75.404038 97.588398 72.741063 65.059775 112.525321
75.841930 97.912116 72.265329 66.443757 115.277020
77.312308 98.017556 72.399785 67.211010 115.271025
77.465103 99.068806 72.262457 66.138135 115.872490
77.682628 99.152187 70.876079 65.279973 113.647955
78.654860 100.022409 71.048832 66.062963 114.176352
77.830582 99.715116 70.419211 65.887561 113.647628
77.131170 98.653082 68.653583 66.075536 114.319740
77.640220 99.962921 68.905462 65.272175 114.610380
77.657754 98.750622 68.527400 65.940690 113.310979
77.670823 97.721118 67.948354 66.509907 113.753744
78.880478 97.701371 68.096786 67.748149 113.650223
77.741939 98.109627 67.962005 67.053511 113.024376
77.961935 98.839486 69.307903 67.711483 114.519847
77.157027 100.187821 68.949797 68.353789 116.044963
77.920245 101.461919 69.326651 69.790085 117.242948
76.985621 100.191120 68.232514 68.486749 116.682137
77.757495 98.064625 68.190388 67.908155 115.531648
78.593563 100.001154 69.826937 68.876778 116.966879
80.050614 99.882066 70.337172 68.982852 119.079373
79.882373 101.317016 71.289749 69.431580 119.816193
80.618957 102.387182 70.738952 70.471245 120.658531
81.522364 104.651904 72.207136 71.255815 123.627120
81.289718 104.547887 72.428331 71.128250 122.649318
81.953335 104.776626 72.701142 71.759766 123.580456
82.336760 106.402823 72.050218 71.817984 122.677126
81.845775 106.295884 71.804318 71.235939 122.752925
79.934833 105.491817 71.370551 69.454725 122.170526
80.480891 107.478551 71.654016 70.030450 123.766342
80.299145 108.549049 71.812517 70.054579 123.217537
80.015379 107.116686 72.573868 68.584320 122.142275
80.663773 108.537848 73.800928 69.668946 124.241923
81.230532 110.156999 74.190616 70.150177 125.687196
81.095984 110.381089 73.962771 70.094888 127.398581
80.202924 109.046389 73.118715 69.379463 125.025564
79.845040 109.139464 74.004166 69.528067 125.048876
80.442094 108.184613 73.235054 69.079748 125.754805
81.095832 107.322624 73.098122 68.882617 126.989234
80.910873 107.740037 74.135099 68.632522 127.326108
80.984483 106.954799 72.576302 68.013426 127.426716
81.106872 107.508336 72.603560 68.785851 127.331489
81.845702 108.405465 72.193385 68.867414 128.174424
81.666597 108.087621 71.216840 68.792585 128.120517
81.534962 106.175008 72.177448 68.665328 127.026723
81.393886 104.909961 71.777606 68.477789 124.747472
80.984746 104.391913 71.674089 68.022374 123.782820
80.200856 103.391714 71.197414 68.477865 122.762951
79.415110 102.934043 71.433882 68.788608 121.698540
79.342306 101.353865 71.477877 69.010298 120.809339
79.219244 102.037113 72.024793 69.074193 120.698259
78.528091 100.399656 70.624076 68.159903 117.799402
78.247979 98.915516 69.746776 67.548963 116.135043
77.774330 96.823507 68.735495 67.879082 115.747910
78.488809 97.568653 69.545648 68.773357 116.252303
78.856242 96.418093 69.314459 68.665114 117.089847
77.464715 96.807045 68.515838 68.016721 118.981347
77.248293 97.686688 68.231603 68.320599 118.895826
75.592731 96.473795 67.311333 68.336021 115.284924
76.474800 95.643451 67.083768 67.868917 114.500689
76.393774 96.163153 67.957055 68.731311 115.038690
78.357532 96.507298 67.575910 68.840589 115.532174
76.266949 96.122250 66.928870 68.729975 115.523458
76.014845 96.859076 68.192020 70.117242 117.132457
75.576947 98.656005 67.609275 69.931227 116.707482
75.656535 98.202882 68.136732 70.101172 116.738416
76.125031 97.716696 68.592789 70.328517 117.261831
77.541957 96.923902 67.963628 69.293351 115.799060
77.258289 96.643978 67.079979 69.703583 115.449438
76.616778 95.342170 66.535988 68.823591 114.473275
77.831321 96.140682 67.152082 70.178148 116.432081
78.811518 97.917446 68.164452 71.170783 117.267951
78.392619 98.752730 67.722976 70.160626 117.999789
77.589758 97.840440 66.781473 68.316736 117.945376
78.839561 99.856399 67.473773 69.768316 120.333442
78.629562 100.677587 66.315527 68.959065 119.324963
79.750965 100.604527 65.742909 68.099211 119.347148
79.938045 100.272949 65.554404 69.258972 119.860673
79.573873 100.521318 65.984794 68.672915 119.573875
78.392118 100.754386 65.340096 67.887344 118.834621
79.369682 100.818395 65.436428 67.735236 119.244647
79.372677 100.048340 65.128854 67.880577 117.551264
78.671888 100.283891 64.697730 67.746412 118.254128
79.483399 99.783432 64.354078 67.561970 117.274604
79.567672 99.699433 63.149565 67.230940 117.871514
80.065029 100.970685 63.719755 67.336728 116.747779
81.537664 100.649539 63.941023 68.002111 117.296069
81.212477 96.886220 63.358973 67.326229 116.214226
81.018520 96.840914 62.075700 67.681423 115.246378
80.480341 96.768305 61.273714 66.435623 115.021761
80.993182 97.638780 62.848823 67.454309 115.815731
80.716861 96.572847 63.383830 67.025655 116.196172
80.327728 96.718758 62.258275 67.709129 115.446138
80.008865 97.656456 63.223072 67.845518 114.642849
78.917460 95.426398 62.109751 67.360679 112.947213
80.360823 95.767652 63.108887 68.796244 111.800867
79.761618 95.221633 63.910000 68.733805 112.714723
78.835157 95.622577 64.765959 68.460025 114.467773
78.388279 96.795353 64.759949 68.718728 115.814109
78.863931 96.245841 64.074894 68.719542 115.830328
78.289363 96.325065 63.600721 67.916246 115.408484
79.304355 95.105402 64.265343 67.442584 115.028388
80.171367 96.393483 65.355618 68.010380 114.892192
80.600820 96.128078 65.059074 68.888932 115.316223
80.545679 96.371799 64.111614 68.555116 115.396622
79.932065 96.020988 63.148159 68.126164 114.743492
80.806025 96.209984 62.782769 69.007941 114.117557
81.561423 96.863844 62.591880 68.579335 116.022401
82.338482 98.385252 63.372523 68.988969 117.303202
81.846082 100.627035 63.788827 69.696526 117.459950
82.234938 100.820037 64.054351 69.669362 117.081274
82.978437 99.561335 63.702018 68.590230 116.861622
83.521213 99.510016 63.666147 68.362341 117.350821
84.418685 99.533354 63.666923 68.593042 115.239708
84.752206 98.810889 63.487037 68.264657 115.493303
84.780874 98.414855 62.763033 67.518559 114.619416
84.481607 101.438607 64.494263 67.818638 113.231451
85.245147 100.600464 64.348982 67.311916 112.548263
84.208524 100.498593 63.709649 66.679930 111.927791
84.377366 100.732772 64.687613 66.699964 111.470887
83.903032 101.977456 65.041439 67.017658 111.006073
84.405634 102.221532 65.552928 67.148369 111.381659
85.331523 103.166102 65.563654 66.492057 113.290914
84.170047 102.079556 65.068897 66.829627 113.314072
85.567976 104.584392 66.013723 67.781556 114.888251
84.522878 104.494901 65.138024 66.783758 114.572022
83.306974 105.515735 64.252366 65.880636 114.203891
85.514335 106.214102 64.542861 67.156385 115.454442
86.234894 106.729948 64.207891 68.084160 116.293560
85.500740 106.650560 64.027701 67.946238 115.545709
85.300346 105.326273 63.721248 66.320200 115.323357
86.044121 105.079986 62.725266 65.934653 116.578436
84.987843 104.108945 61.862125 65.734647 114.487863
83.372544 103.196873 62.991561 66.539531 113.974807
83.801514 104.202599 63.371930 66.679791 115.520191
84.803507 105.005442 62.962879 66.642951 115.632446
83.696432 103.217759 62.454042 66.644758 113.602260
85.849908 104.150198 62.752116 66.668199 115.371941
86.633844 105.231375 63.793273 67.256242 118.127659
85.575144 103.458453 62.262606 66.232327 116.210160
87.210411 102.789533 62.563982 67.343087 118.882071
85.911495 103.635959 62.926325 67.446280 119.847339
86.083741 104.788562 63.214196 66.845247 121.685229
85.993433 104.915493 63.994394 68.391754 122.960086
86.896176 104.906955 63.032613 68.771778 122.712121
87.217860 104.005211 62.595937 67.234680 121.532157
88.162840 105.371800 63.405129 68.235847 122.221640
88.500968 105.945217 62.477696 67.357048 123.651163
88.430227 105.620980 63.548193 66.735942 121.590479
90.390642 108.350588 64.844608 66.814160 124.566248
88.960244 106.841261 64.450968 65.596467 121.247102
89.004194 106.585365 64.601517 65.565380 120.186779
87.808832 105.317636 64.624016 65.780734 119.779511
87.479499 105.037808 63.969006 65.055179 117.903969
88.322592 106.211120 64.079977 65.477961 119.635804
89.257356 106.863377 64.369197 65.843093 119.192310
90.169597 106.320183 64.869468 66.293318 117.756873
90.653454 106.264328 64.968351 65.863688 118.530145
89.442543 105.171609 65.130759 65.281031 117.913880
91.496888 106.038905 65.183281 65.133845 119.059982
91.064544 106.616732 65.395086 66.260455 119.492070
92.206652 107.036887 66.375987 65.854259 120.567772
93.033511 108.174161 65.614292 66.667571 120.800110
92.275181 110.056102 65.626996 66.189759 120.785398
92.184052 109.296090 66.253882 66.519569 121.723797
91.966263 108.928423 66.492955 66.489152 121.016846
91.849595 110.360776 66.231815 66.641139 122.700407
91.730228 109.989265 66.036050 65.949018 118.711406
90.208692 110.934487 65.936885 65.858538 118.939793
89.895066 111.206294 65.919300 65.867655 117.040838
89.549486 110.239352 66.081798 65.278645 115.961099
89.615627 110.061667 65.994521 65.255755 116.597170
89.312846 109.495492 66.795716 65.306848 117.056033
88.846360 111.320643 66.619773 65.065412 115.938788
87.495167 109.861770 67.133570 64.479770 117.114464
88.026052 109.270766 67.694592 65.412062 117.907913
89.253153 109.605237 67.750032 66.189218 120.760843
88.575046 108.952436 67.349678 65.241171 121.871205
86.052387 109.130461 66.351772 64.240857 120.502118
85.652054 109.753712 66.575144 62.822951 119.947333
86.209104 112.410309 67.641087 63.443184 120.607995
86.541911 112.137622 67.169166 64.132675 121.226162
86.520981 111.353105 67.407887 65.246045 124.016827
85.594609 111.653989 66.946932 65.614946 121.985722
84.009945 108.196815 66.577211 65.225806 120.135065
83.885088 109.692753 66.382758 65.807715 119.558382
84.103955 111.564063 65.635245 65.270373 118.740126
84.628160 113.499259 66.296619 65.963810 121.112977
85.256780 112.840932 66.715659 66.724291 120.228834
86.413242 114.168550 67.053596 67.622562 121.309905
87.210442 115.634404 67.682247 67.838514 122.064910
85.935806 115.842952 67.907216 68.651687 122.310040
86.260154 116.943377 67.855307 68.900135 124.035884
86.491528 117.164411 68.933427 70.523273 125.831929
87.790656 116.705847 69.584209 70.754407 127.518581
89.177197 119.044764 70.522669 70.383437 128.899473
88.783964 118.217337 70.249600 69.349578 126.916292
88.670921 117.808298 71.057815 69.906796 127.941463
86.875235 115.959694 69.714000 68.490252 127.173238
85.780413 114.454823 68.162280 67.525522 126.487221
84.882690 112.712167 66.441134 65.803689 124.092537
85.043990 113.382784 67.453111 66.073425 123.375854
85.317225 114.556617 67.897213 67.531579 124.162489
85.779885 114.966386 68.134694 68.311314 125.421596
86.056542 115.685221 67.889182 68.643240 127.299295
85.982024 115.232523 68.488995 69.308228 128.045495
87.012309 114.428667 69.412512 68.955959 126.714503
86.182804 116.307450 70.175997 69.156574 127.199656
87.728521 116.881764 70.614898 69.320488 129.431510
87.488432 118.584327 69.955619 70.064845 132.985637
88.367718 118.401524 69.321853 70.496839 133.800730
87.984571 118.444499 69.281240 70.435180 134.440148
88.012887 118.812102 70.831735 70.783930 134.619903
87.761185 121.796963 71.187026 71.103184 135.724328
88.668304 120.436421 72.544987 71.377668 136.864956
87.975874 120.157762 72.924965 71.472662 136.266810
88.576606 119.232199 71.984801 71.089818 135.370056
87.886606 118.536359 72.004135 71.017376 132.747490
87.921216 118.158099 72.378085 71.217629 131.747403
88.082970 118.125565 72.281938 69.788250 133.077957
85.960351 117.216027 71.754552 69.044665 132.769039
87.307689 118.315238 72.287760 69.553441 132.464626
88.262711 118.908452 71.694399 70.031410 134.891921
87.499814 118.132471 71.432748 70.871381 137.044672
87.866333 118.829261 71.875548 71.150376 137.634952
87.445125 117.628364 71.140874 71.889699 138.337629
88.397157 119.477577 72.488912 72.640299 139.512645
89.097797 117.573199 70.879942 73.098229 138.952830
88.643817 116.732025 71.113583 73.615088 139.438805
87.839410 115.916488 69.991943 74.516952 139.888100
87.854749 115.011004 69.157831 74.946462 138.875565
88.017449 112.113837 68.296244 75.437935 136.536122
86.136766 112.555711 67.574656 73.878537 136.841792
85.815292 114.719436 67.112367 74.084264 137.185748
85.509607 114.444913 65.827014 73.900036 135.313728
85.725734 113.904914 65.510455 73.473737 136.024470
84.959340 112.557768 64.316306 73.051561 133.894502
85.377066 112.575061 64.638260 74.169747 132.802780
86.000541 113.122577 65.765779 75.172394 134.083181
84.913691 114.110480 65.875047 74.656989 132.141916
84.487070 113.160061 65.773387 73.019590 133.600894
83.625499 112.971154 65.453336 73.114431 131.892038
82.834521 114.860605 65.389848 71.889687 132.005736
82.151501 113.869525 64.185757 72.421785 130.468951
83.654860 114.490150 64.234293 73.356937 130.822480
84.637367 114.374181 64.701950 74.277075 131.070610
86.017890 114.875646 65.103320 74.850664 134.075418
85.186034 113.836373 65.022537 73.817080 132.684400
83.756856 113.768448 65.382536 73.642274 132.364162
82.151248 113.146040 65.355793 75.646518 132.308350
82.213049 113.761016 65.293168 75.511747 132.545769
80.267815 113.815267 65.915813 75.236842 133.604895
79.770543 115.005411 66.269976 75.079013 132.027384
79.764782 113.981926 66.292283 73.935969 130.277826
79.066058 112.014480 65.622688 72.023515 127.238080
79.875917 110.548393 65.649513 72.240345 126.955276
79.511438 111.141688 65.044068 73.084849 124.530324
78.729938 109.868751 66.030668 73.247231 125.358555
77.532334 108.484655 65.444848 72.199220 123.411820
77.789590 107.136075 65.085619 72.370799 125.268090
76.449904 105.223934 64.518964 71.620727 124.132990
77.454528 106.196008 64.274942 71.336087 122.947798
77.132886 107.383346 64.855637 71.147513 124.069624
77.138425 106.965853 65.628525 70.063695 124.049230
77.074871 107.329519 64.867225 69.878838 124.581646
75.050999 107.975619 63.316326 67.783990 122.905997
73.320909 105.960408 62.292349 67.610516 121.029535
72.277021 107.082058 62.977382 67.539077 122.090872
72.594571 105.794198 62.782798 67.610648 121.139710
72.686010 105.508727 62.553473 68.106207 120.729628
71.995951 105.087985 62.179539 68.150927 121.650607
73.193562 106.702925 62.744159 68.707072 123.110400
73.017554 105.752112 62.848454 69.789591 123.757364
73.566204 108.296587 63.479062 71.260876 125.506083
73.859063 107.032819 63.253579 71.647674 125.208770
74.572989 106.441548 63.455524 72.213633 126.486310
73.785503 105.253264 63.397970 72.195222 126.796226
73.665728 105.821317 63.440589 72.270970 128.171289
74.209779 104.721196 64.152317 73.288615 131.227144
73.897065 106.442003 65.208985 73.833143 131.046890
72.999297 106.705740 65.660138 73.058876 129.367577
73.032691 106.690199 66.311080 74.141996 131.296785
72.493179 106.855491 65.184979 72.573481 131.967524
72.649302 107.806302 65.805462 72.578283 134.342398
71.893226 107.021359 65.375562 71.945521 134.457293
70.832961 106.372852 64.767784 72.458630 132.790173
71.838234 105.445674 64.439280 72.023696 131.320126
71.129286 105.829670 65.143709 71.444351 131.575715
69.980402 105.713256 64.939029 71.739933 131.041596
69.954763 104.002271 64.961473 72.068041 130.489001
70.137622 103.711403 64.303848 73.147483 128.560978
70.370917 103.793925 63.765228 73.623098 129.269935
70.614449 103.751376 64.041173 72.887816 129.641304
70.819825 104.280239 65.815769 73.559890 129.690850
71.241044 105.165358 65.946852 74.319586 131.018744
71.419409 105.740003 66.915662 75.409353 130.536544
71.267073 105.544673 65.996466 73.570208 129.809092
71.478155 106.388380 65.508505 74.418574 132.078698
71.858116 104.771511 65.274161 74.893065 131.765980
71.549610 104.895216 64.618006 75.012490 130.229215
71.711442 105.610557 64.598832 74.990515 131.873170
71.803343 106.799294 64.763218 74.404585 132.016760
72.413159 107.173734 65.487951 75.063301 133.362052
72.274137 106.733730 64.790997 74.360801 132.496290
72.742691 103.614587 64.580110 74.348131 132.942482
73.483512 102.450901 64.499276 74.755767 133.983182
72.147277 100.875973 62.339130 73.921179 131.546961
71.420359 99.863998 61.424530 73.786304 130.305816
70.765670 101.922383 62.060457 74.117635 130.261988
70.643286 101.072421 62.615727 74.760916 130.549330
69.110258 101.106703 62.043314 74.130398 129.993973
69.870910 100.811914 62.838449 74.789992 129.822469
68.814479 99.755030 61.531477 75.414315 128.700296
68.914385 101.454224 62.282224 75.923882 130.124783
68.113036 100.462666 62.343523 76.182301 129.447535
67.310425 99.150420 62.238360 76.212390 128.775132
68.610261 100.493661 62.146383 78.088286 129.416753
67.805461 100.138180 62.079966 79.482066 129.539796
67.057770 100.076411 62.761703 79.451731 127.666124
67.178520 100.497487 62.381381 79.314849 127.759771
67.463273 101.365339 62.694088 79.409963 126.853130
67.520446 102.130946 62.669679 78.957850 126.727807
67.205837 102.599948 62.762073 78.876967 126.398903
68.654122 102.572635 62.675340 80.285774 127.752805
68.446136 102.321536 61.785200 80.060823 129.099176
68.567615 103.956379 62.192003 80.445583 130.500436
68.671587 104.070840 62.639838 80.192484 132.028604
69.208290 103.697573 62.627889 79.843268 132.851629
69.298616 103.568731 62.965110 81.479377 133.244615
70.381254 105.883395 64.021571 82.686911 133.777798
70.441152 107.029928 64.213165 83.436373 133.208400
71.246671 107.915191 64.607808 85.351787 134.047091
70.315534 107.938922 64.675852 85.446909 134.060550
69.550639 107.841401 64.945224 84.306153 131.250280
68.939540 107.334615 64.644923 85.417631 132.807375
69.638825 106.316400 63.188072 85.780894 130.122780
68.766922 104.995085 62.875627 84.916615 127.970603
69.269245 106.462320 63.059717 85.831081 128.628757
68.067723 107.719438 62.655527 86.373985 127.761738
68.318881 107.313814 63.997726 86.082099 129.709176
68.493199 107.600943 63.547950 86.929663 130.730214
69.635898 109.716507 64.357226 87.962773 132.571771
70.245246 108.987239 64.049600 88.962656 129.551134
69.855980 107.799290 64.298206 88.162764 128.695661
70.099796 106.643630 63.446675 88.309483 128.041672
68.716723 105.178098 62.986554 86.840670 127.478083
68.015626 104.278093 62.588369 86.253792 126.225168
67.663354 103.891701 62.412926 84.488327 125.361610
67.998192 103.740597 62.984343 85.378180 126.013518
67.441172 102.504252 62.745457 85.026062 126.344533
67.284789 103.420995 62.540967 85.710679 126.356537
