# maturity time: 1.000000
# model size: 1
# number of dates: 365
# spot: 100.000000
# dividend rate: 0.000000
# correlation: 0.000000
# volatility: 0.200000
100.000000
100.241899
100.683529
102.120366
101.728427
102.604326
100.925430
101.058381
99.398370
99.103171
99.066851
99.608468
100.252233
98.805097
98.905455
100.700243
99.215670
98.542085
97.661062
96.264384
96.097400
94.518228
94.485866
95.653610
95.578579
95.129466
98.328995
98.378094
99.253861
98.361381
97.866275
96.761503
96.450838
95.948386
96.092629
97.143943
97.798198
97.189596
96.026422
96.735918
97.411105
99.212032
99.487050
98.163281
97.604598
95.653661
95.453158
93.686253
95.126988
94.788665
95.804882
96.556547
96.384590
96.718371
96.135776
97.489830
96.852401
97.472055
96.465359
95.981411
95.186738
95.763241
96.682418
97.339556
97.195414
98.209321
97.028885
96.442612
96.248952
94.610990
95.403115
95.091057
94.265210
96.385823
95.907432
95.915221
95.583548
97.078660
94.720878
93.576197
93.605606
94.591339
94.007839
93.616371
93.695947
95.648606
94.422829
92.750493
92.019962
92.280482
91.965617
92.303488
93.329008
94.828861
94.846118
95.641073
94.128730
93.155199
93.721387
95.123688
95.977865
95.592429
97.566245
96.637549
98.025895
97.628089
97.740341
99.022886
99.527063
98.343408
99.409447
99.145695
99.059468
100.561479
100.030149
101.107285
102.301457
101.802190
100.957735
100.211104
98.901258
99.094671
98.748913
97.768913
96.756095
98.798194
98.751028
99.673334
99.779926
101.737732
102.842936
101.616770
100.688031
99.907627
99.784541
99.563041
99.332836
99.980095
99.022989
99.373462
99.331997
97.945855
98.246143
99.693955
99.270698
98.139498
98.569727
97.003238
95.745721
94.987001
94.358032
93.175895
94.106782
95.823802
95.115791
96.085523
94.673253
93.469262
93.503768
94.431853
95.306349
94.131628
94.322165
95.656871
94.567972
96.282736
96.211946
97.512954
97.730049
96.698999
94.699178
95.805366
95.040798
93.966973
93.215904
93.606133
95.146960
95.116747
95.314875
95.551113
97.500479
97.256050
97.538070
97.748922
97.790735
97.503802
97.442253
96.112389
95.801124
97.831168
100.380882
98.186154
100.279895
100.146526
101.220075
99.688859
100.948139
100.115064
101.543618
100.593425
99.289554
100.606123
101.444842
100.519609
99.351689
99.364081
98.510023
98.171690
97.599461
99.462316
98.468016
99.786829
99.325621
101.642529
99.988051
101.219888
101.378668
102.453238
102.858163
102.777354
100.874313
101.630412
100.416810
99.687367
101.013581
101.606206
102.317110
102.704479
103.546477
103.971478
104.634236
104.464419
103.128125
102.867905
101.976006
101.384208
101.365787
101.956168
103.501073
103.799688
103.923389
103.639040
104.298471
102.955739
102.734935
102.743016
102.190479
100.924986
100.938458
100.371805
100.073679
100.242572
100.804591
101.763226
102.606896
101.223092
100.832779
100.811188
100.635744
101.258862
101.546464
101.685575
103.077357
105.337198
105.220626
103.507064
103.920490
101.910531
101.724715
102.604072
100.899301
100.622019
99.775885
97.849846
98.960203
97.185923
97.111580
97.302916
100.047650
99.132156
99.898341
100.029139
99.617172
97.610800
98.756984
97.977550
96.974011
97.070476
97.360891
97.940520
97.189296
96.820018
98.374024
97.925146
97.846938
97.703045
96.503261
98.023350
98.554988
98.980326
101.097916
103.386709
104.215109
104.013414
103.137818
102.959710
102.734070
103.841605
101.536494
103.007454
101.313728
101.752981
102.524428
102.730633
102.796879
105.097421
104.912035
104.756101
105.265936
104.078898
103.442954
105.311768
104.069868
104.491800
104.339547
105.695605
106.051237
104.051862
102.175604
101.701282
102.456154
100.839436
100.425998
101.756675
100.987548
101.070065
101.464422
102.150746
103.562369
105.243446
104.566175
105.412423
105.837195
104.306914
105.465745
105.410000
103.563826
104.681372
103.051516
101.688572
100.055295
100.326385
100.852949
100.398672
100.386964
102.322321
102.830690
102.369014
102.392197
102.238649
104.210923
104.795339
104.108381
103.387564
101.300096
103.108972
