# maturity time: 2.000000
# model size: 5
# number of dates: 96
# spot: 100.000000 100.000000 100.000000 100.000000 100.000000
# dividend rate: 0.000000 0.000000 0.000000 0.000000 0.000000
# correlation: 0.500000
# volatility: 0.200000 0.200000 0.200000 0.200000 0.200000
100.000000 100.000000 100.000000 100.000000 100.000000
100.695210 101.413862 103.967585 100.659237 103.207192
96.242306 99.466064 98.028898 96.968069 99.859297
97.726197 101.791741 96.095686 97.631817 104.293111
93.829489 98.139774 91.780245 91.743083 100.121665
89.662545 95.864849 92.213717 90.127397 97.505114
98.252377 100.479345 98.518610 93.007154 101.120199
95.249424 98.182669 95.626195 91.372597 101.410841
97.054648 97.649740 93.484653 92.633350 103.015603
102.110527 100.833038 93.248971 93.342467 100.415042
101.548357 96.174388 94.825845 91.787761 101.644967
103.788122 96.823718 96.481983 91.629849 105.652471
101.954616 97.444984 93.895979 89.758997 102.567163
103.694005 100.548137 96.886788 91.266840 106.901377
100.319917 97.485207 94.414463 85.960400 105.607453
99.444053 95.065169 98.150044 85.135858 105.522080
98.524835 98.205534 93.587018 82.403596 104.392244
101.439390 98.193437 93.614780 83.162593 109.933781
97.920830 92.452071 89.081294 80.692699 105.369789
98.942341 95.425256 93.641264 82.600659 109.764267
94.712867 91.080998 92.114839 83.071397 109.638599
93.692586 95.127644 91.140039 86.166563 109.967669
94.014914 98.312118 93.313808 85.214184 113.629822
93.353462 97.769892 96.126963 84.595509 116.484104
96.451194 98.232080 95.524641 83.885448 113.766350
96.997981 97.698843 93.411405 81.548267 117.759218
96.896070 99.847343 94.286309 85.716626 122.445040
93.768531 96.099895 90.481418 83.119574 118.424716
93.196632 97.311532 88.733671 83.487238 118.109988
89.677986 96.164693 90.180424 82.011637 114.057492
90.790371 93.134662 86.998090 79.487368 110.509626
87.711518 93.748379 89.774514 78.279525 112.659496
84.224608 89.107501 87.156211 77.600081 111.954792
81.414427 88.039249 88.590344 75.126689 114.896567
81.271050 90.835977 89.916563 74.227248 110.589593
83.938138 90.571838 88.509189 73.187283 111.565746
87.826889 92.583057 90.942168 75.338774 119.389016
87.244237 92.922937 91.295730 75.424645 118.686128
87.115587 89.863630 89.582950 77.894766 124.844816
81.985394 91.689955 88.116428 78.595813 119.683893
84.895607 91.481902 91.968381 78.465277 118.119825
88.059492 95.044026 92.366151 78.017979 119.894226
86.010883 93.170593 89.849091 79.867810 116.231884
89.248732 93.871140 96.050962 79.231821 121.795969
89.659134 96.493364 97.953088 80.124889 118.508392
91.548858 94.754713 96.445746 82.201580 120.300878
93.350846 96.557570 99.500194 84.391657 124.299922
92.958339 93.444209 97.724982 81.672834 120.624707
92.936448 94.745371 101.551354 83.261554 122.663836
92.261418 95.848850 98.774116 82.387301 121.849036
90.923801 92.368822 97.120831 79.999978 118.726314
91.371842 93.848012 99.904651 82.456924 117.172437
90.427577 93.321323 98.985289 83.046635 117.453701
90.793700 96.603139 105.286313 84.949078 116.225410
91.821618 92.728483 103.824020 85.617109 111.335011
91.151669 90.552065 98.343556 85.896472 105.367736
90.983679 90.901885 104.771884 85.577236 108.439185
91.336806 90.191875 99.949753 86.667804 105.799541
88.803785 89.150767 99.301852 86.786218 103.140399
87.899780 92.140680 99.034443 87.069403 103.293794
84.977847 94.048857 99.805709 87.767453 108.120479
90.413130 98.884275 103.157541 89.347885 111.288208
89.891658 101.164016 98.632299 91.552771 107.337869
90.994631 103.643350 100.290823 92.904906 114.065427
90.576751 103.046416 101.044539 90.569283 111.941500
95.186393 102.693331 103.553592 91.891152 117.046290
96.097696 98.606377 98.373712 89.107722 116.245009
91.998350 95.545706 98.828390 86.113105 114.031099
93.016305 97.639643 103.048099 90.864854 115.386625
95.132188 99.704543 101.179128 93.664905 116.538171
90.632095 99.852205 96.150698 88.782916 109.213241
91.335105 101.507566 95.949684 89.250210 114.379483
92.616498 101.132429 96.328011 89.272904 119.484273
94.080812 100.348136 95.084430 85.280216 122.828201
90.892039 100.851601 94.155938 82.641849 118.583196
92.448647 103.773359 97.845636 86.689341 119.996456
91.700308 105.482258 97.654776 86.712895 117.591490
92.491444 105.780524 94.364791 83.590971 119.120626
92.831675 109.040149 96.661896 87.438630 120.219570
91.814032 109.094434 95.098914 85.966843 120.774064
84.945998 107.748464 93.449257 84.198072 119.554173
82.910245 103.222166 88.327160 82.482195 117.095443
83.179522 103.565280 91.099412 86.350169 117.512137
83.142757 106.294744 92.054108 88.833469 122.971716
81.223025 106.000008 94.212480 86.106896 122.835670
76.769358 100.319993 88.225230 84.469573 113.272726
76.716122 94.735340 88.789444 83.816560 112.836626
76.187935 92.659931 88.832646 84.014146 109.545824
73.092165 88.414745 87.450162 78.565721 105.922875
71.004847 90.588012 91.169033 80.967743 105.320880
69.238262 92.644580 89.397116 75.739426 101.887937
69.845943 92.869490 90.629190 77.070588 106.398280
69.971427 93.446868 87.938714 77.929739 107.723536
69.317981 93.862605 86.634501 76.361585 109.124047
70.151159 95.632872 86.718261 76.721514 111.386334
70.321128 92.805272 84.356660 78.353996 111.207258
71.998075 95.235485 82.431722 78.388144 111.757705
